89
01010001101100110001110011111100111010110011100101011011010010011000110000101101000010100
10100110010010100100000111101110111101111100010001001111111110010010100101011010001100001
01110110101010100001000111010010111101110100101001110011101010011011100011011100100010110
10101010111010111111111100111111000011000010001000010101100000101100000000011110000010000
11011110101011111010000001001101100001111000010111111111111011100010111101110011001000100
00110001001000001001100010111101100011011001011010110101000110111100110001001011110000000
11011001110100001001101010100111001111111000101000001111011010000111011011001110010111010
01000101010100000100101011110111011111100010101111010111101011100101010010110001101011110
01111011100001010111101010100011000001101001110101011011010100001010111010000000011010010
11001001011010001011110110101000010010010100000001110010011101011010011100110111110110110
01001111111011011110111110101110010001011100100110110100100000001100100110000000000101101
00010100011000110000000001101110101101000011010110000101110010011011101100001100010000000
11101100111010100111001001010011001000000100111010010110010101110101011011001111010001110
11000010011011101000001110010011000011000110001100010111110000100000010100011101011101001
11110011101000011010110011010011001000001111100101010111110101110011101011101000101110010
00010110011011010100110000100000011101010101100000001001001011110111100010111000101000101
11010000011111100101010000011111011001101001111101000011101011110100010000110011110001110
10110001110000110101010101111011100011001000000001100000101010001010101110101000010010001
11101100010000111000110011010011000010001001101111000010010001001010100101111001001110100
01000000101111100100111011111000101111111000010110011100010111000000101101000001101000101
11111010001011101011110100110101101110110001110010101110110100011011110101001010011001111
11101101010000111110001011010111001111010010110100011111101011111110011100111001001011011
11010100110000111110111100111110000100011101111110111001011001000010010110010101011011111
10001001010110111010001111111001011001010000101111111011000101001011100100001000010101001
00111010001110111000000001011010011011000111101101000010101111101101101111011010011100011
00000110101000000110110011010000100111000010001101011010101010011011000000011111101010001
10001110100000011010001100001101101111010111011110010100100110100010000000100001010001101
01101010010111110101000011010010100110101111011111011110011001010101011000001100111110001
00100110000101111000011100011111011110010111110011000001100101011110110001100101000111101
11110111110010011101111100100101010000010011100101010010010011000010001011000010010100010
01010000000110111000110100001010111000011001001011000011101110111001101101001001001001111
11010101001011111100001110111010001101100101011101111010000110011011000010110111111000001
11110101110101100101011001111011111101000101001101110101000100101100111001010010101001111
10000110010110010111001010100110001110110100010000010100101110001111011000101000111001000
01100000000001001000010010111110000101111010110010010100011100100011101010100110101110001
10101101110000100100000001101100000100110000011000111011010000111110111100100110010111000
10101011000110100000010111010111010100001011111100011001011001100111000001000111011110100
00100100001111001101010110111000011000000110011100100111110000100101100111111000000110111
01110001001011001101011010011011101000110101010110110100100101100000101111011110100001111
11000101100111001100101011100011001110101101001000001000100110001110001010100001011101100
10110100110101011001100001100010101000011100111001101100111110001010000001010110001000110
01010010101011010010101001111110111111110011110001100001101010101000001111001100011101110
11111000110011010110000011110010111000101010111010011101111100100010000101010101100001111
10000111001100101111110001100011001110100011011011010010010110110110000011001011110101111
10111000011000111011000100011101110101101110011101100000011111011010011000011001100110000
01001100101010000111001000100101001000101101011000010011100101110011110011111001011100001
00001110001110011100101011010100000100110101101100011100110001001010111000000111111001011
01111000111011110111011010101110001111011101000111100010010101010001010011110001101010000
01101011000000000010110110110000000001100011111000111010001011011000101010001010111000000
01011010100100110100101001111010001001001101101011011111101111110001001001110110110010001
00001011110011100110111111101101010001000110111010000100111001000011000101000100011000110
11001000110110001100110011010011111111111110101010101100111000101110111110101010100000001
00100110010011101100010101011111011101000001011110100110100000111000001010010010001000100
00010011000001000111101101101011000110101010110000101001101010110111111010010110111111001
10111110010110011001101010000111001100000001100001111110111101111011101100000010110000011
01000110000011011010111011010011010101000000100000001110011000111010011101110110010101101
11010001110110010000000010100111100010000101011001101101101111110110101011000101100001101
01011101111001100100100100100010110000011011000100100110101011010011010110001010011101011
11100001100100110100100000001101011110101101101001001010001101010101101111111010010101000
01011101100010001111010111000001111101110010011000100101110000110000000010100111001110001
10100011100111000100101010011101010110100111100010010001111111111001110111010110010000001
10010110101101000100000000101001001101100100010010110010001100110100111001001000111100000
10101100001100100100001011010100000001011101011010110000100111100110010010010001110100000
10100111101010001011010000010100011111001111000100111111100110101011000000111001001011110
11110011001010110011000101001101001110111100100001110111111100101011010010011110111111110
10110100011110010001101000110100000011010001100101011001010100100001001000110010001111011
01001010001100011000010001001101000001110110010111110111100100010000111110110000110011100
00111100110111100000101000111011011010101000010110110001110010010100000101100011011011100
10100010100000101101011100011101101100000000100101110100010100100101011111001110110111001
10100011010111100101011110101000111111111111111000001101100111001001110010000101110101100
11111001001111010100100110100111001111101011010010001101001111100101001101111101010110100
11011010101111001011000110100101000011010011001101010111111111111100111001111000111011001
00011011010010111110101110001101011001001111100001111010011000101001010111100000011110000
01000010100000110011100010101011001011010100110010101110001111101110110101000100001100111
01100010111110110101010001111000000000110100100100000110010001110111001010010010010110011
00010100001001011001111100001000011111001100100111000110111000000000000000011010110001100
11101101110110101100111111100000000100100001010010100101011001001010100000000101111011101
10101010110100111011011001101010101011100110001011011011000011101111111110110101001000110
11100101110110111010100101101010100111101000110000101000000111001010111010101001011011011
10001011001111111010100011101000010001111100111110010000110000111110000110111110111010111
01000001011000111000000101010011011101010001101000000011000110001011101000001100100010000
00000110110011111000011010001001111100011001101001000001010001101110011111110010010111111
01001011001111100001001111111000101001011000101101010010111000010011011000101111100110010
01111110110011011101000001111010111110100011001101110001101011000001100011001101101111100
10100100000101110111011101010111111110010100010110010110000100001100111000110011000000011
10000011011100000101101100110001101010101100101100101000011010010000011110010111111011000
00010011001000100111101011100110000100100101111100000111001010110000011000000001101100000
11110000111100010011011111001101010111010101011000001000100100101110111111011000110010101
01010100001011111011101111101101010001010011110011000011000000010001111000010110000000100
