84
011110001111001101010101010010001111111001110100111001100100111010010100101010111011
111010001110001101000011100011100101110111011110100010000000110101000000111011100100
011001110011001110111101110111011010011101010110110010011000110001010010111001001110
011001011111011001100010010000010010001010010101001101011111111100101100010001111011
000111011111111001100101000010010000001101000001101100111000010101010000111010011010
110010011000010101011110001011000010001101001001001110100010100011001011010100111001
010011001101010001101011110010101111101110010011101101000001001100101111111000100111
010110110110111110111000110011010000100111111111110101010110010000001100000000111111
001001110000110010111110100101100101011110000110011111001001011110001111100011011111
111010100100010000111101000111000111010001011111000101001111000100101101010101100010
000001011101101010110100101011110101111100101000001000000100111010011100100100110001
100011100101001100011100001011100000110011010010101010111111100101110001100111100001
001100111000000011000100001110010110011110110110010000101101000100011101100011011011
111111010010010001011011011110001011111001010010010010000101000011101011101011010111
100000110100001011110011110001001100110001010011001100011010100101011100000001110111
110001010110100010010001001101110101000001011001100110111101011011001101101100101000
000111111001101001101110010111111011010101001001110100001011011110010011110000111000
010101100110100110010010111110000111110101001011001101111101000011100001110001001101
000000111001101101101111000100101001001100001110001111001110010100001000000001100101
111010110111011011111000100101111000011010010100111001100101100101010001111100100001
001010011001001001111111101001110011101110001010001111011110111000000110100001110111
001100100001001000001001100110101000100011010001000100100111010100110000001110110100
001000110100001001011001011001011000000111100111101000011010111101111101101010011000
000111001000100001111110111111001110111011011011100110110001110100111001010101010000
110000011011110000010101111111101010000101101010001111001100100111110111100001001001
100010100010010101011001110011101111011010100011011000010111000000111011101101010101
111010001111001010100010001101011001010110001001100000011100111011100111111011000101
001010111110011111101011110001100110000000100111001101111011011111011010010100000101
111111101101000110000101101010010111100011101100111110110100000001101010100010101001
011000111010001111010011000010011011011001100011110001001000011001011101100011010110
111000100000110111010111111110000011001001100110101101001110111110101101001111001001
001001010110001101001001110101011101111001110111101010010111011011011100110111011100
010011001001110011111011011011001010011001000100111111010100111001100111001110110101
100010101111010100010010011100100111110000110101101101101010110001011001010111001110
110111010000100001100010110011000001100110110000011101101110101001111100001100010011
001100110100010000111011011100100011011111000010000100000100011000010111110101101100
111011001001011001010001010100001010001100110100011001100110010011000010001101010000
100011111011010010001110000101101110111100110110110110010101111010111001100110110011
101011101110011010111100000011001001100100000011110000001001001001100111101111110010
110101010100111100010110111010110001101111010000111101001000001101010111001001110111
100000010110100100110100010111010111101111110101001000111011100110010001001000000001
100100110110001010101100010111000101000001100100010000101101110111111100001100000101
000000100110111010001100101000100111001110100100100111101011000110001110000011100101
100111011011100010101110010010110111010001000010001110000100111100001001100110000011
011011110011011001110011011010010111110111000000100110011101001101100100111101101100
110110101111110110010010110111000010001001100011111010110101001001010011110011011100
000111101000001000011100111100100101100111011110111011100001000001010101100010001000
101111111010111110000010010000100100000001100101011100100011001001100001011110000101
101011111110111011110100100100100001000011111010000101101000011000010011100100111101
110111001010100101000111101011000001011000101110100011010010110100101000100010001001
010011011111110000100001000110101101110111010100111101111011101111000010111001110111
011110110001011001011001001110101101011110110111101000010010100011111111100000101101
110010000000111111111000000110010111101000100011111111011110011111010100101100001001
010010110110101000101000110000000100000111000010100010000001100111011010000001111110
111110010000101101111001111101001001001101101011001011110011111111010100001011001000
110100010000000000000001100101110100001100101011110111111111000010100011100101011000
100001111001011010110111110011000101011101100100000001011111101011111111110100001110
100101110011101100001110000011110100110000101010010100100001100111100110010100011010
101110010000100001011011010100100110110100111000000111010101000000111011101011000000
001001101111011111100001100001100100101001001100011001110001010100011110011110100000
100011000101010101101001111001010001010110011110100010000010111111110011100111101010
100111011000001110111001100010011011101101000100101000110100101100100100101000011010
100010011110000000000111011001111100100101110011011001111100111111001111111101000000
110001111100101011100011000111010100011110110011100111110001011010001100001101100001
001000010010000000001110011111010101110101001010000010011001011001101100111011110000
110111010000001111100000011111111100011101110010100001000110100010100000110000100100
001000111010110010011100000111101110011110000100100010001000111101100011101010000001
000110011010111110100101101000001011010010101111011110000101110001110110110001010000
000101000010010100110000011100001110110010101111101100111100111100000000110011110111
001101110111110010100011111010100101001001111101000111110111101011110101010010010110
001110010100000001111000010011111011101101111110011011111101101110111110111110110001
110000100110011001001000111011100110110100010111111000111110000000011001010101110011
100111011010100011000111010110011001010000110001100000000010000111101001000110001101
100111100110001101001010001010011101010000001111110110110111101011100100100011101000
111101011010010011001111010100000110000010111001011000000001000000000110001100010000
100010010101011111010010001100100011101110100001001001010100100110011010000110101110
110001110011111000011001100001011011011000011111011101110000011011011000000000010001
001001000011101100100101101110010110111100111000011000111100100001111100101011101101
010101110000000000110001011010100011101111000010011000101000000110001111100111011010
110110010000001101011001000011011111110000011010100000001010010000110010100110001110
111011001000000001110101010100101001011110110001000000101010001111010010111011110110
001100101010001010000001110110000011001001000111000100110100000110010010100001110111
001000000010010100010000010001111011100111011111011011000100011101111011100100000110
010000111011000001000000100110001110101011100000010011111110110101111011101011010110
