51
100011100110110011011101011011101010100101010000011
011100001101010100001100101111001110101010110110000
110000010010001110001001100110010011111100110100000
001011100001100101101010111111010000110100100100110
000001100100010001101001011010011010110000001111010
100000111111111101001010111000000101010111110101001
100000101011001000000111011110000010110111100010000
000100110011100100101000111010110000100110001011101
011110110101000001100100100110100111000010110000111
000001111100110110100111010010111000100110001010101
001001100101100000100100110000101100000101100010100
101110000010101010101101101011001111000011011011010
010110100010111100101101000111111101010110011010001
110111111001011000101110101100010000111000000001000
101101000110010000011100101100001011001110010101001
100000010001001110010111010001110110111000010111110
000101110100100101000101011011000000010010100110000
101100100000110111100001001000000001111011100111000
001110001000010111010101111100001101010101111000111
101001000110000000101111001001011110110111010000010
001010100010011000101011101111100101110110100001011
001100000000001010011100000000010010010000111100001
101001000011100001000001100010000111000010011001110
100011001100110100000110111110011001100111111111011
100111101011011010011000100010101101110000001100010
101100000110110111100110110001111011011001000101001
111101000110000011011110111111001110010000110101011
010001000111111000001001000001111011011100011001001
010110011011001111011010011010100101111001110100001
110010001001110101100000101001001100111111001010110
001101010010001101101101110001010110111000011100000
011010010100010111110100001011100011111011001000101
100110100100110111110101110010001111101100110010011
110100001010111111101011001100110001100010011100100
100010100110111100001010011101111000010000101011110
011000110101001110011111110110010100101101110000110
010100001100111001000000110100010110100010000011011
100110000000000011001001101001011000000011010011111
111011100100110110001101010100100000011101011101100
010010111110000111101111010010111100101001101010010
100000100001010010010010001101101111111001100101000
111111001100100011001111010011101011011111001011111
111101110001111011100110001001011110110000001000101
001001010110100010111100011101101010100110000000111
000010011001011000110010011111100000111101100011011
111100100100100010101110001011110000101110100100111
001101110111110010111010010000101111001001010110001
010011101100010111101010110111110010111001001101101
100010111011111100000101100111100110100100111101001
101111111011011000100010010100010100001101100001100
111100001001011001011110110010101000000100110111001
