57
101001011101011010101110010101010100111100110110111110101
001010110010101100010111101101111101100100010101110110100
010111000101101011000001100011100110111111010011100101111
111101100001110111101010110101001100010110000001001000101
000011001100111001100010010100011001111010101011100010110
000111110101100011011100001011100001100101100111010101110
100111100100111001010111111111010100111110011100011100101
010001111101011000010110110111101010100010001110111100011
110011110011101111111101001111010000010000101101111011011
100011000101100001111010100010100001101110001110110001100
010010011100111011110011001101111011011001000101110100001
001110111101110011101110001001110111110111100100101111101
001111011011000001100101111100001110101101110010000000110
011010000011111010111111001001010101111011111111101101010
101011100111011100011101010110000010101111000101111111000
010011110000010001000001101001101111111100010101011010111
110001100001000111010001000100110101100101110101011100001
000110100000111001101001101010101100101101011000110011011
010111000000110100011011000010111101011000110001001101000
000010000110111001110100101000100100110010111111100101010
101101011011001011111101001001000000011110001100101100111
001001110111111101100110000010011100000000110100011100001
000101000001101110111001010101011100100100011101000011110
100010001110101110100111011010001011100011100001110011100
111001010010101110101101011000000011101101010000110001101
001010001010100001001010001000111011011000000010001011100
001110010111101101101000000101111000001010100011111100100
111101011011010001011010010101000000110010010001001100110
011111000011101111001111111011010111001000000111110010101
110001110000101110000111011000001010001100101001111000000
000111000000100100111010100000000001111011100000101101000
000111110011001010101010011111001001010010000111010010110
100110011100110111101111001101111111010111100011011101001
010111101001100110010010111100101110011100001111111011100
101000100100110110100111011110001100011011111001101011001
000110110101000110111100111010100010000110000110101100001
000010010000010110101111000000110110111001000011100101010
101001101110101110110110001110100001100010000011001100110
100100100111000000111011110101011011110000100111000100010
001100011011111000000111000011101001000000100110001000111
100010100101101011001011101010101100111111110010001110010
011001100111101101001001011111101000001001100111001000001
010001110010000101101000101001111010000001100111010000010
111100100000000100001000101100101111000011101110111000010
000001010100101100000011001101101010100001010101010001111
111001100100110010111111111000101111100010100100110010001
000111101000111111011110000101111000101011110001001011010
101100100001011110111010110001110000101110001011100101000
111110011110010111111001011010110010001000101100101111111
110011000101011001001000101000111000001100111100101101101
101000000110101100010101001110101001011000001001000000110
110010110011010100111111111010001010100011101001101001111
111101101110100000000001010111010100010100000001110011010
111100100000101000100101010100010010000011101000010001010
011111000101101010101011110100010011001011110110110010010
001011101011010000010101111111100010010101111110011011000
011000100111010111111100011111110111000011010001010011101
