79
1000011110010100010110100011101011001110000001001110101000001101111101010110111
0001101110110000001000101001010101000101000101001000110100111100001000111010010
1110010101111111110111010000110100101011011001000010101000011010100110001010101
0110110111110010110111111101010000000010110110000001000000011111110000000011110
0010100001100010111000111100111101110000111100001110011001110111010100011001111
1011000010111101010010111001100100001001010110110010011111101000011011101001110
1111111011000000100100010111000111010110111001111110010100000011101000011000101
1111001010001111001001011111100011001111001101000101110101010011000111110110000
1110001110000000101100111011000001111100001101111000001101011101001101000110011
0110000000111011100011011110111101011110111001011101110001010111010111100001001
1101011011001001100101110011001000101010111101101001101001001011101000100101110
1000010011011100110101010111010100010111110010000000100111000111101010001001011
1010001111000010110101100110010111100101110001010101010000100011010110000100001
0101101001101001111111011011111011011001011011110100000101101000110001111100101
0010010100110101010101101011001111100100001101011100011110111000111100100101100
1110111000010001001001110100101000110111100110001001110101001101000010101000011
1010001000000000001100100101000010001000101111000111101001100000000001001001001
1101101010000111010100101100110100001100110000101010110011010011010000111101101
0010111011000110100011110101111010010000001101110000001010000100010000011100111
0000001010001111010001011110111010001101011100101010101000011011000001101000111
0100111000000110000110001010101001101110110101000110110100110001100100110101101
0110101100011110011010111000011001100010010110110111110000101101000111001011100
1100001101010001110100010100110100001110100101000000111100101110110001100111000
0001100111101100001001000100010001111110000111110110000101100100011101110010110
1100001010111010101101011001101000111000000100001010001100101110001011000101010
1000101010100000010101010100101000000111010101101001010100100010100001010010111
1010100100100100000101110000111101011101111010000000100110111010001000011010101
0011011100010000100111101001101101110101111111010011011101011110001110000010111
1011010101101100011100110010101100011001110100101001001011001001000010101011000
1111101000100110000111001011111111110111111001101011000111111101100101010000010
1010010000101111000000011101001101100100010110001110011110011010000111010001101
0011111000100010001011100011100000000011100100101011001001011011101101101100100
0010100010010001110111101000001011110011000001010101000011110100101100111101011
0010111000100101111001011000011000001001101101001010010000001010011001001110110
1101101111001101110100100010010001101001101010011010001010000000110101000011111
0101010010101000111000000111110110011100011110011011101000001101100011000110001
1100000110111110101100001000100000111100011101111101101001011111011010100001110
0010011101111100000100011001010111010111010100010001110010010011011001010111010
1101110001001011010000111010100110100101010100101110100001011000101110100011100
0101111011111101001100110001010010010000001010001011101011101010011111110000111
1101101001001011011100011101010001110000111010101010011111111101000010011010101
0110101110100110011111001110100100111100100000011111011010110100111101001111010
0010110101101010010101011110001110011010101010001111000100010101110000110101001
0010001100100011101110111011100101110101010111001111011010110101101001100000010
0001111110100100011100000001111011100101110000010100011010010100110011110101111
1100100110100101110000111101011101010101000111111000101101100111101011001001000
0111010001000001011011110001101110100011001101000100110110110110111101000010101
1110111011000000110000100001111111001010010000100111101000110100111111101010111
0000111111110110111100101000100100010011000111110100110101110101111010000001101
0111010101011100110101111000011100101110110111001101001110010100100111101100110
1010010110000100101100010101100011001110010101011111010101010100100101010101010
1011100101001100101001001000111000010000111000100111101010110110001011011111001
0111001110110010001100000110011110011001011111110111000111000001111111000001011
1010100100000011101111011010011100001010111101010000010110100011111101001111111
1110101010101101100100001111101010111100110101111000010101101010000010100100001
1010001011000000110000011010110101011111110010100000100101101100001101000101001
1000111101110101011100001110100000001101001010111010001110000111110110000100101
1100100111001100011000110010111010111000101100111100111101001001101110001001011
1011110101001001001111010100111101110101001010011110000110110100001101110101011
1100110110010101100010011010000101001010000110010110000001011001100100000100110
0011011110001000000011100010010011000110101010001111001101101100100101111000111
0000010010011000010010111111100111101001010100110001010110000010001111001001101
1110001010110010001111011101100101101110010001000000101010001101001101001011000
1010010111100010010110001100101100111110110100111111100110100101010000111110110
0110011011010011101011100011000111010101110000111111101111101011001111000110001
1000001111000011110010110011101010101110011000110100000101110101110100100000111
0111110001000101000001010100000000001000101001011110111000101010101000100101100
0110001101111100110100110010010010001000001001000101010110010001110011110000101
1011111000100011011001101000111011000100000110110110111100100010011110101001010
0111110101000100001011001001101110001000101010111100100110110110101000101111010
1001011111000011010111100001000010010100001100110110100000000010000001001101101
1011000110111111100100011110100000011011010000111100000100001000101010111110111
0010011110100101001110011010011110100001101111110100111111101111010010110011000
0010110100100000010011010000010000000101001101111101100101011100111100000001010
0101001101011111111101101100111100010001010101110011011101001000000111000010000
0000011110000000110100111010101111101001110111010110110010011101011101110010011
0110110011101111101110001011000110100011100010100110101011011000101100010011101
1101100101010010100110111111100100011111100001000000101101110100110001010000100
0000010110000100011101000100000110001000111110101100101001001111100110000111101
