32
10111010001111100100101111110010
00011011101000101001001101001111
00011110001001111001010110110110
00011001110111110000011010001101
01001010111001010111001000000000
10100011000111111111010110011010
10110111110101111110111000011010
10011110101010111000110001111001
00101010001100101100011111101010
10000101001110011111011110011110
01110100000001100100110101110000
10001100000100111010011101110011
01010111011110011101010000011010
11101101101101011010111111010001
01010100111100010000110110100001
11101110001010011111011000100111
10111010111001110100010101101101
11000010011101001000000011110111
01101110001101100010101011010001
10011010111000000110111001011001
11000011111000011101001010100010
01011010100110010110001001100000
11011110100110110010100110100100
10010000001001010111000000000110
10001100010111011111101101010001
10101111110011111001101010010000
10100011100000100000010100001110
01111100110011001100001111111001
11000010010010110010001111100011
00101000010100011001110101001100
10110111000010100001001110110000
01011101000001110000010100000000
