37
0110010001110100010100011001000001001
1101001011001000100010100101110011010
0011101110111010011001010000010111001
1010011110110011110001011111000100010
0011001110111111110001100100010111110
1101000111011011100100100011001110111
1101001010101100111011010110100100001
0111010101111100110110010101010111111
0001000110111000011010111000000110011
1000110000111100111000110101011101011
0100111110110111010101110011000011100
1110011010011011101000000010111001001
1000000100000101101000110010010111000
0000101001001011100110000011011100001
0011001000100111011110000001101010111
0110101000010111101111111101011100000
1110010001011110010000111111001011100
0111010001110011111010010100011010011
0110001111000001000110101010111110100
1110010001010011000100100110001000100
0001000000101110101010110100011000100
0100010110000101101100100000110100101
0111000010110000011110100101100011011
1001100010100111101010101100111110111
0101101011101011100110101110010100101
1001011111010011010010111111001101011
0011011001110111000001000011001001101
1001100101100011000101010111100001101
1101011110100101101001110011111101010
1110000100111101111001010100001100000
1011011010010110110101001010111110011
1001100110000111101111001001011101111
1111111101001111101111100100110100110
1101101100101101111110100101110011010
1101111010000011101101001000010010101
0010011010101100000111001000000000011
1011100001110100100010110110111000110
