61
0001101001101110100010101011011100111001011010111010110111111
1010101011100010001100100110111100011010000000000101010010000
0010011000010011110110110011000111100001100000111000101101001
0001110010100000001011110110011110100111100000010101101010001
1000011011000001111000100000000001010110001111100110100011110
0100011000011100110011111100000010101011101110100011011100100
0000100101110100111010010110000101110101010010011110100001111
0111011100111110001010100010000010110010111100000001000010101
1100011100111011000010101111101101110001000100010000011010111
1110001011010111101101001000011011101100010110100110011110111
1011110000010101101010110101011100011110100101110110001110001
1001000011011111010010101111001001101001111000111000000110010
0001001011001001101101001111100101110011000001101001000011110
0000111101001110110100001111011110010000010001001101101001010
0000110001101110100001001110010011100101000011110011011001000
1110001111100110101100010101111110011110000111111010011000111
1011111000111001111111000011100111110010110000100010101000100
0101111101101001010010010000001000010101011101100101001010110
0110111000100100010111001000111000001111001011010111001001111
0100101000111000011110100100100000100111100010001100100010011
1001101111010110111101011001010010110010110011000001000110001
1100100110100111101011011000001000101110110000011111111010000
0000101010000001111011001100100001111110111011000000001001101
1010111001010110100001010001010010010100111010011010011000011
1111110100001110100011001101111110011111010111111000000000011
0000110101100101011100100110010101110000010101110010011100000
1001100100101101011111110011100100001001001000010000011001100
0001010010000111111001101110110000101000101100011001110110001
0101100000111011100111011001101000010000000001011111001010100
0111101010000010011010100111001001000011000010101100101100111
0111000011001010100110100111010010110011011100010001111010111
0101000011010111001100001010101001111111001011010000100100010
1010111000110010101010011010000001000010110110010100100000001
1000000001010110101100101101001000111001111111100001001010011
1111000111110110011001010101001001111000100010100111111110010
0101100011100001100101101010001111100011011100000101101000111
1010001010001100100001111010010101011100000010110101000111111
1010111111010100111000000001001010101110001001100011011000111
1010111010011000101000001101010110100011011111000000001000111
1011011101010011000111001010110011100101011101011101101001111
1011010000101110001100100011011100001110110000001100100011110
0110001011100101011110000011111110011011100110010111011011111
0110111101000101000011000000001100000110011010000110010111010
1110100111101000111101100011010110000111011011011111100000110
1010100111110001011110111001010001100101111111001011110101110
1111100011011001110011001011101011101001010111110101000111101
1111101001100111010101110101011011110001110001011011100101001
1011001010110100100100101001101001101111000011011001011010101
1111010001000011010111100111100101101110111111001011100011101
0111101000100111010110111101101101010011010111001011101100101
0010110000111010001111000101100101101111000000110100110011011
0011100110011100110100110110110101111101101100110000110010100
1100011101111111000000001011100001110101001111010101111111100
0000110011110010100000001100100000010111001111100100100101011
1001101000001011011011001000000010010000100110010001000001001
1011100100110010101101011001010110110001111101100000001101101
1101010010001001011100001110011110100101101000101010001111000
0010010000000001000111110001100010101000110010010101110011101
1011010010000100000100111000011001100000110000010001110111101
1111001010000010101100010000110101110010111101001110011010110
0001110111100100100100110110110001011010010110101100011010001
