39
000001001100100010011011101010010101010
000010110011001010010101000010010110001
000100001100101111010001010011001011111
011011101000100000011000000010111010000
110110100100010100110100101001010101011
010001011010010100001001111001000101110
100011100011110101111001111101011100100
000011110111110011110110111100111111010
110101011010000000001101010110110011100
010000011100110001100000110111011100011
001111010110110101011110011111011110000
011100100011100010101001010110110010111
111000100110000111000101010010111111110
110101001111010001010011101100001010100
011000101100010110111101110001001101001
010010110011001100010001010110010100010
011101110101000101000101000100000011001
001110101001010100100010010001011000100
111101110001011101100111110110111000111
001001100001101111001111010000111110001
010000011111111101010010001000011110100
100010000101110001011001111001010101011
110001010011001010001100000001000001010
100111101101101111110110010000001110010
011001011010111000111110011110001010011
100110110101000111011110111001110011000
100101010010100111100011001101011010110
101111011011011111000001001111010111000
101101011010111101011101110001011000000
100111111000100001110100011110101101111
100010000100111110000010010011011111101
110001010010101001000011101011111111101
001100111001110101101101110011110111001
101000101001111111001000111101001010001
110011100000101000101101111001001100111
110101101000111001001111110100110101001
110110000010101010000011111111101001011
110100100011010110001110111101100100100
011001101010001100101010110100100111010
