78
000010001001111100110011101101110101000101010011111011010011000100110101101010
010011100010110010100110100100100100010011101101010110101100101100110000110110
110011000011011110011100001101010100111111110111101001000000011001110000010001
011101101001001011100000101101000000010100011000000010100001000111100001101010
010000001011000001010101000111001001011111011001000101001011011100110111011101
100010101011110111001010000001100110111011010101110110100001101010000001000000
001010010111000100101001101100101001101000101100100010001111110000010111001000
010010000101110011011101110101010001011111001001100110111001010101111000100101
011010001000101001100010001100111111100111000111000101101010011011101101000111
100110100111101100110101010000101011000010000111011100101111101001010010001000
101000001011001100110100000011101111110011110111110000001110001000110001001001
101010010000101101111111110100011001011101011101011011110101011001111110100100
000000101010101101011110000000011100110100111110001111000011010100100100100001
011010001010001110100011110011011011111001100001101010110010111101011100001000
100000001100110101010101011101000100001111011000101100001100100111111000011010
110000101001011000001010000000101001110111010111011101110100110111101000011111
110110100011001011011111011001100111101111010101011000011010010101011000000110
010110101010010000101011000100111111101111100100011111111011010010101110011001
001110010001111111111001110011011010010000010111101110101011000011010010111011
000000101111010010100010001001110110001101000100011010111000011101101100100010
010101111101100001110110000101011011001110111011110100001001001110110010101001
101000010011111101100110100101111010010010100010101010110110110011110111001110
100111011010001000101011010100000111101011100010010010001101110100110101100000
100100010010010010110101110110001110101001000100001100111011011110010000010111
101000110011101000010111100000101101001011111001011100010000111011110000000111
111110011110000000000000000111111010100101100010110110000110001001110000100100
001100110110110100011011111011000101101100110101110100100100111001001011100001
100110110111000001101010000000011110001110000010110110101100000100000001101000
011010100100010111010111001110011001011001111000101000111110000010100111010100
111110110010111010011001111101110000011101000111101001011011000010110100110001
101100011010010111111000100111011011010000101110010110111110101001100110011101
101000100001100001000000110100000111010011010000111111110001101000011100110101
000101101001010111101111110001100000011110101011011001101001110111110110111010
010010111110110011010101111111001001010001100000111001000100100100001010100111
010100101000111111111010010110000001000010000011100010001111100101011100110110
110011101100010001110010000101100001101110011000010101111010001100110001001101
110111001111000100100000110101110100011000111011000000110011001100011101101100
101111001010010000100100000011110010101010101010101100111110110000110101110000
110001001001101100110100100010000010110010000100101010010101010111010111100011
100010100101110100001110111000111101001000001111101010001100111001000110001000
100111011011000111011101000111100110001101001010011110001100110110001000111110
010110000101111011111111110000010001000000111010100001011001010000001011100111
111000000000011100100000101101101101011110001100011001100100110011000011110010
110101100000111010000001000011010000100111011000110011100100110100000100000100
011011001100010111011001100101111011010000110111001010100011111000011010000111
111010011000100101000101001100111010010100111001001000100000110011011100111000
000000110110010111011000110000010010100111110111000001001010001110100011011000
110101110000111100111110110111001100001100011111111101110011111111011000001011
001111010001001111111100111011111000100110000000111001110111011100100010011000
011100000111000110011101001111010111010001010011100101110101110001011010000001
001111101000111111101110101011101100011100100010111111001000011001011010101111
001000111001000000001100001001100010110110100111001100110111101111001000011000
101111110111001011011100001000001011000111011010001111010000010100111111111001
100010101100101001010111101101100010111111111110101111001001001111111101001100
100010100001100001110100001100101111011101110011110011000101110111001111110100
101110100110111111100111011110011111110111111101101111000111010111101010010110
111111100101001011011100101001011100111011111000101010011011000010111001101010
111001000111101110111011000010100001010101001011111011011100011111100001100101
000111111101000010111101010111000110100110111101101000001110010111110001110101
010001110100110010001100010101111100011111111001101010111000010100101111000011
011001110100000101100000111111110111110111110100100010100101101111111111011101
101000010110110010010110010011001000100111101111100011100001001100010000110001
101111101011001110110110101001110011100000111010100001000101100010110010000111
011100001111101010100111111100110000001001000110101111100111000001100000011100
101100001111101010011111101111000101111010100010010111000110101001001100011111
011111001010100110000111001110100101111110110101011010110011101000101101100010
010100110001101111101011001101010100000011011101100001111100110011010010011111
011110011011101100001001011010001110101110010100100111001001100101100101011100
001011000010101001001111001001010111001011001000111111111111110001011111010001
001001010111110101100101000111101011111110010010001101101010000001110010100100
001001101011001000111001111100100110000101110100011011001110001001111101000010
011000011011101111111000000010001101101010100100001011000001110100111100000110
011100000011001010100000000011011111000001110111011010000001110101010011010011
001001100001011100111111011100011001001010111101011010000001100100001110001011
100101100101101110100111110001110010001000110001011011101101001100110110010000
101100000000111110010011000101110111110110001001110000110001001011011101001010
001001100101011100000101010110011101001100110010100100000111001001111001001001
000111101000100001111011101011000011000000101100000001011111000000011011001011
