56
10101111111100110101110001011011110111011110100000111010
01110010111111110010110101111011010010010000000100101110
11010111011001001000010100010000000100011101101111011111
01101000000110001100001110001010101001101100010011110110
01110001100000110111110110010010010001011111010000101111
00110110010111100101100011101010111101101110111000010001
11110010111011011001011001010001011100110101111010100110
11111101001111100001000110100110001010111110000100011001
00000111100001111001010001101110000001110010100010110011
01100110000111001101010011110011100010100111110011111110
10111010010011011001111000101000100110000110110001110001
11111100011010000001110010010101010000111010011001001000
00110010101011110011100010000100100010010001111000111010
00111011000101011011000001011100110101011000000111001101
10011101001111100101110000001010111100100100010001001001
00000010101111101011111111010110110110000100010111011010
11000011001100110000010101101010100011011100011010111010
11000011100100101111010011111110011011111101100000101000
11011000100000100010010010011101000000111000000010010100
11100111100011100101001100111011000010000110001001000000
01000100010000111111010001011001010011111011000110001011
10010000111101011100100001011011010001100110011100100011
10111100110101100100100111010111001011110010110100100000
00111010100101011001100001010101000010100010111110101010
01100111001001101101001111111010011001010100110100001101
11001100011101011011001000111101110111111110001001111111
10011100000001010011010001010110001001011001101000000000
01110100001111110111011100111110010010101100011000000000
00101010010001110100110001111111011101010111101100011100
01101000000111010101100000010111011101001100000011010010
00100111100111111000000000001100010000010101110000011110
11110111000111001001110100011100110111000111000010101111
11100110011011010110111011011101001011101100100010101001
00010111101011000100001010111010111010011100110100010011
11011011001111111001100111100110010101110011000000010111
10111111011001011101111101101011110001100010011001101110
00100101111100000111100101111000110001001100001110111001
10100111100010101101000010000001101111100001111100111000
10000000110100111010000101010010101110001010100101011001
10011000100000001101011001001000111011010110011010011100
11110101001110100101001110011111011110001000011011101101
10100010101010101000000000110111010101111101001010100100
11001010011111000000111000101011000100001011111011001001
01111010100111010001111100100011010111101110001100110100
01111011101100100110101001111111111010010111010011011010
01110100010011100001010111110011101011001110011100011011
00101101000011010110110011000111101001000101001010010000
10000101000101010110101011010001100100010110010110010111
10010001111110100001110011101100111110100101110110111011
00011010100010100100111111110001100111000010101001000001
00110111100001000010111001110110101011010000010111001011
01100100010011100100101111001010100110011100010011101110
11000101110001000000001001000010000101011101001111101110
10011010011010100011010110011011100000000011001110101010
11110100101101010010110110001111101000111001110101100101
10010000101111101110001101100110111101100010001010001101
