36
001010010111110001101011110001110110
110011000101011001100101001110100110
110110110001000101100010001110100010
110111100110010011101010110101011101
110111010010111101101101011101100110
100111000101101101101111000100111111
100101011001101100000110111001101101
001011101011010111110111111000000110
001110101111011111000101000110001000
000001100111101011000100010100010111
100110101010011110001001000001001110
011100110100110110110001001000010111
100111010001011000101001111100110001
001010011010011011010110101010010000
000011000011101111000110011010011000
100111000001000000010010101010100100
101110110001001110111111001101101010
010011110111000101011101011101111001
001101000101101010001010110101000100
010000100100000111010001001100000010
100101101010101100110011111000001001
110100000101011110011000011001001100
110010110011010110100010111011000000
111101000111111001111101010111010010
100111101110100100110111010100101110
100000010011001010111001001010110001
110111011011011111101111010110001101
011101000111010111010011001100110001
101110111000110110010101101010000000
010111110011110100100010001011111010
011011111100011000011101000111100000
111110011011000011011110110010000111
111010010000010010110010111000111000
101000101010000001000101011001111100
110110011001111011011101111111010000
010110100101100101010101000101101110
