76
1111001010000110011111011101011001101011001010010110101000100111010110011100
1011101111101100001001001110011110010111010101010000110101011101000000100010
0000011100110100011101110110100011000001010000110011110111101101111111010001
0010111000000010001011110111111110000101101100001110100111110011110000000110
0000101000001011010011110101000010110010100111101011010010101000001110010110
0110111010000100100111001000011000010100101100110000000000000100011110001010
0101100010101001001001100111000101100000101000001110101000110010111000100101
0010001111111001011100010100100111101011011001001000011010111000010111001111
1101111100100101011010101101001001001110111001100111100010000010011011010100
1011010101100011100110110111001001101101100000101000001000110100111000100101
0010010111000001010011100001010101010001011001001001101010101101011001110100
1110001110100001001111101111011001001111010111101111001011110000000111101001
0011100010111101010101110001100110000001001110000001101000010101011111000011
1101000010101011010111100101101000001100000001101110011000010010001000000011
0110000111110011100001000111000110111010000100001101111011011010111010100011
1001000100010000100100001000010110011001010110111000110111000010100011111000
0110110001000011101100101111000101110100110000001000101100111010100111010010
0110010001111000101110110010001110011110101010111011010000101000001010000010
0100010011000101001110100001100001010100111000001011000100101111001001001110
1011011011111010000101100001010010101011000101100010011101000110011101101011
0001101001100101101100001101101110110111100010110011001000000010000010111000
0010110011100101001111100011101100000001100001010101100011101001100000000000
0001010110101101110000000001101000001110100011111100110111011100101100010000
1101100101010011011100100010011101110000010110011110111111110110110101001110
1110011110010111011011010010100110110000110110110101100110001110101001110000
0011111011011111010111100100111100000100000111100101010001010000111001111010
1001110011101110100111101101010100100111110000110010000101101000011111100011
1001000110110010101101010011101010101000010001011000111011001101001001111100
0101001001010010000010110101010110011101101111000110011111101101001010110001
1100011010111011011010111010110100100100100110011111111001001001011011110111
1111000001011101010110010110011010110001000000111110001100110010100110111000
0000000001010001100011010001000001110010110101110010101110000001101100111110
0101111111110110000010101111000010001000101011100101111100011001010110010001
0000010100111101000101101010001011010101001110010100000001100110101101000011
1010011010000101011000001101110011000011110000000110011011101101000101110101
1101111111001101001111100010100101101010110111110011011011010110101100101100
1101001001101100010001001101111001111101101000111101110000000111010011001001
1011001000100011110010100001101101001011110100101000101100000000111111001111
0001000001010101010001010110101111010111010011111001110000010110110110101101
1001000010001110000111011111000111110111101101110110010011101100000110011001
1111001001011001001001110001000000001100100111001101100100111011000010110111
1001100011111111000010100110101011110101010000010000110101110000101010111001
1110111001110100100110110110101011001011111101101110001100010010010011011001
1010100001001101001001110101010111001011010111101010010100100101110011100101
0111011001111111000101000100001111001110100010110001110001111001001000100000
1010000001000111101110101110100101110001111010101111000100111111110001101010
0101100101000010111011010000100101011101111011111110111110001000001101011000
1111110011001101100101010100011100101010100101010001001110000101010101100000
0100100000011101011100100000000010101110010001010100110101010011101010100011
1010010010101111110000110010111111111101010101000110001000110001101111011010
1010101110100100100110100111010010011000100011010100100000110000011101110110
0111000110011110110000001001000001000001111101000001010100110100010100011011
1111111011111101110010011001001110111111011000010100001101010010111010110100
0011100111101101101100011000111100101100011000111100000101000011010001101111
0010110100111101011111100100011100001010011100010101100111101001010111100011
1101011110110001101000000011100010000010001111000110111101000001111010110001
1010000111101010111101000110110000100010101111111010010110000100001100110111
1010000100110001001011110100110101101111010011101110001010001010111110001111
0100111001011110100001010110100000001001111001000111010000110000110110111100
0010011000001100000000101010000011010111110100111010100101110011111110001001
0010100111011010001110000100101010001110101111010110001110101010100010110001
0110110111100100100101101111101010101110110111001111110001001000101001001100
0000000001001000011101111101010011011100100011101110001100011000110100111100
1001000111001100001001100100111101001011010001000100101111100110100101011111
0011011001011001100011100001000100001111011000001100101011011010100010000010
0011011010110000100111100010011101001011001001100101010100110110101110111001
0010011010010000111011011111101000010100110110000010101011000000010011010010
1001110000100010000001000001111101001000110111110110000010010000101010111001
1101101000110111000110110100011100011100111111011100010000100001010101000000
1110111101000111000111010010001100101000011111010000111111000101000010111110
0110001001000010101111111011000101010101110000111101000101000111101110001110
1101000110000011111001100100001010110001011100010100101001001001011010000111
0000011111011111011000001110101000010011010000000100111100010011110100010101
1101110111110101100000111010101011011100110000000111010010111000000110001001
1100101110001101010100010100110111011001101001001110010001100110111110110100
0011110000011011001110001111010000100111011001010000001100010101000111110001
