57
111001000110110101110001100110010000001000001101010010101
111001100011110011010111100001111100011011100010011111000
100011010100100101110000010101000110110110100010100111011
010111101111111100100100101111111111011010110101011100010
111001010100011110111110101010111001000010111001001100100
101110110100111110011011010000110100111110011111001001000
001000101100011011100001101000101011001111000100110101010
011000110000110110000010100110100111111000100110110101010
010110011101111000001110011010100100001010000011110111100
101010100000011111110111101100110100000111101111111100110
110110001101100000111001010110111110110011011111000100001
010000010001011100101111001000101101101111010000010000100
110011000011111100101100000001100110100111010010011101101
000000110001110110000101010000010010101010001010111110001
111100110100011110000111101100000010011011010010100110001
010000110001011100100010000111010111000100000000010001101
001010101001110111101101100001010000000100000110000100010
110011001010010011001101010100110011001111011100100111000
110000001100101110001100101111100110110110000110111101100
110101000000000010111001101110101111010100011110010001100
111110111001000011101110111001111010101100010101001000111
001110110111000000100001001101100101100110100110110011001
100110101000010000100101010101111001000010100111001110101
011010110010010111101010110000000001001101101011001101101
010110110111000010010101101101101111101001110110001001011
010000001110011001100101111000011000110101111011101010110
110111011000111110111110011010000010001100011010100001101
001100110010111010000100111111010001100100011001110110001
010011001011011011001101111010111100010100001100000001110
101100101110100100000101011001110101011010000010111010100
101111011100101110101100000111011100100100001100010101100
111001101100101000101001111001010101000010010011101010110
011101000101101110111111001100101111010100000101000100110
100110111001110010101010001011001000011101111001000011011
011000010001101001010101010011001111110100111001000010011
111010000100011010101110100101100110111111100000110010000
110111010101001100000101010110100000101110010011100010011
000100101110111000100110111100101100000101100100110011010
001110011000100111010001100111111001111011110100001010110
000011001111010011101110010101000001000100001110000101111
000000101110101011100101000001111110011101111001010000010
110111110010010100010000110011010110110101011111111000100
111111100100000110000001001100110111010101101000011110000
100100010100101011110000010110000101111001010010100011011
011000011110101000001111000001001111011001000010101010101
111100010000000111000110000001011111010000111100000010111
010000000111001101100011011110111011000100111111010011101
101110110111001000001000011101101011000101111010100000111
011111100110001100001101011010000001011101011010010100001
101010110000101101001001100001101101110110101100100011110
111101010000000001111011000110101111110011000110000100111
111011000110010101001101011001110101011010000000100100101
001000011001110111011001110110011110110010100011101000100
100000001010100001110100000100101101101011000010111100100
011111011110001000111010001101111111001100110110001110001
111011000000001001111110011101010011000010011101001001000
111100010011110101100010101100110000100110001001100111111
