76
1110100110001100100000101011001011001010100111101111001001010100100111110101
0000001001011110010110011111110100000100101101110011101001000000110010111101
1100110101110111110101100010010010001000011100000001111011111000100011100010
1000001111100111001100100100001110001110001010001100010111001000000111101010
0000001100011110100101110001001111100011001000011001101100011111000001101100
0001101000111111011111111110011111111000101110011101011011111101010011010001
0011100011011110110011100101001101011011101001000111111000100111000011111011
1110111110110111000011011111001101000010000001100101011100000100011001010101
0101101011001111011110010001011001101110110000111001100001101011110010001101
1011011110000111111010101011010010011100111111100011011110001000100010100011
1101101101101011100000101001100010011101100101101010101001110011011001100111
1101010010111110100010110110011111011001001111111001101110010110010100011111
0000110011010100011010001011010010100100100011110100000000110111110110010110
0101011011110010001011100111011110101101011011101110010110100001011011101000
0111010011110111000110001101110001011001011101100111001110110101000100001100
0100101001001000001001011010001101001000010111001001001110100100100110000111
0001100110110001110101110010100111111111000000101010110100000001011111010111
0010111110011011010010111110001000000111011100001100010001000110001001111111
1110111111110010001001111101110010001101101101111100001000110010011100101001
1011000101011001011000101100110010011100110101010110111111010100101111010001
0001000110011101001101010100000010011000000111111011111111011111100100101100
1010000011110110001111011001110010111110101001111011110101100001100000100111
0101011010111110100101110011010110011110100100011011011110111011110001100001
1100001011110000111100001000100111101010101010110101100000011101111011111110
1101111011110101101011111010001011000100001000111100011110100011001000011000
1111110010010101011110100110001001111011111111011100101110101111101001111101
0101011010101000110000100011010111001100100101110111111010001101001110011101
1010000001100101001111011010100101110001011001010111000001010101011011101001
0110000101100011101000101000011001101101101000000001010100111111010110110111
0001101111000001101111011011110011011010101001111110110111010001101101001001
0000111001110010011011100100101110100011000000011000010110100011001100111001
1101111011010010100100101111010010110010100101100011001010000001001010101001
1000101101000001011001011001011010101000110101111011001101110111000010001001
0111111010111110101100100000111110001010001110011111000111101110100111100001
1101011000101101100101001100000100111010010100010011011010101000101001010000
0010111010000110000000010011110001111100100011110001101000110000101000000011
0101110100101010001011010101011010110111011001000101010001010010001100110100
1000010000000011010111000000011001010001000011111000100111111000011101110000
0111111101110111101100011011010100010101111110111011000010100111011010011110
0001111111000011101110110101101001010000100100101100100010100011110111110001
0000001011110011110010111101100101111011010010100001100011110110111001000010
1100010000100111000011011101111010010011101111101011111100111000111101110010
1010001100011111000011111001110000001010000111110011101101111010001010000110
0111100010010011101001000110000101101110100010011001000110001010101111000101
1001011111011001101100100010100011000011011001010000000001111011111011001001
1010111000110001011111100100110101001111100111101100100010000101011111011000
0110101011101100110111110100010101001011010100011000010100110000111100111101
1011001100010010001111001010111100100101011111001000010111110110101010110110
1011101111100110001000001011100111010000101110000111011001010011011100100011
0001101111110101110010010001001111011110011111001000011011101111110111001111
1000000111111011100001110000011110001110011001101101000001001101010011011001
0010000001011100001010000111110010011001011100100011001110001000000011010000
1001011011000011000111101111101100101010001001001111001111111001111111010001
0100001011011001100010100000111111100111000111101100111101100011001101100110
0000101100001011100111101001001110111001100110101011101111111100011111100001
1111011011011010110000111101001111110110100101101001011001010111100101010101
0010010001100001110111010110001011010101111110111001001010110000110110010111
1011101001000110010101100110110110101101010010110001111101110101110111001010
1011011101001001010010011000111010100101100000101100111001000010110010000111
1001101111110010001111011011100110101101011111001010110010010000011101111001
0101001000111001010011011010010101011111001110001111001011000010011011111011
0110010011111010001111110110101000101000101010000001100111100101000000010000
1111110100111111101010010001001000011001010001100110011101000101010101110111
0100010001111111111100000101110111111011001011100011101001001010000110100100
0010110100000000101010000110111101111100101100101110011001111101100010010000
1100001010010001000100000001000110001110101001110111000100001111100111110110
0100101011110010011111000100111001110000101000111101100111111011001010010110
0011100000111100001011010011100011011101101011010100010000101000000000001010
0000010110010111010111001110010110001101101001011111101101010011101000101110
0010100001101010100101101010010101001110110011111110001101011010011111001000
1001101000100010001000100101110001110100011001111001011110011101011110001101
1111001101001111001101111111010110111001010110111101000000100111101001010000
1111100101001101001111011100101110100110010001111110110111101111000100001010
0011001011011000100110001011001000110010101010011011101110100111111110111100
0100110000001001101110001011101001110001111000111100010111001111100001010111
0010101011001011111010000111100000011000000111111011101000000000110100000101
