39
000011001010100000111110110101110010110
011010101101011000000110101001011110010
010000001010101001101101001011011110110
010010101111110010110101101000000101001
100111001001011111111011010111000101010
110110011101111101110001101011111011011
000000000010000100110010001000010100011
101010001110100110001110111001110000011
101000111001100110111111000010000010101
001100000100100010110010010011100011001
111100000011000111111001001100010110010
010110000111101111010100111110110011010
110110001101100111010100011111110000100
100110111011011110100100111010111001001
011101001110100010001010111100000000010
110010001110100101000011011010010011010
000001000110101101110001101111000100000
110010100110111011010010011001101111100
101001011110001001110001111100011011000
011101110001111110110001111101100001011
110000010111011011010101110001000111111
111000001011000001111110101011010111100
111100001100001011001111001010001000000
011010011100001010001010010001000001011
111101110110100101111011101111011000000
001101000001000100110011000000111100101
101101000011111000110100110000000010011
100000111101000010011001110100000000011
100100011001100111011110101000101001001
101001010001011001001111011011100001001
110101111110010101000110010101010110001
010000001011100110011000100110101111011
110010010101111110110110110110100110011
101010011111001010111111000110001011111
000111001110001111110101010111001111011
100111011101110011111100100110100001000
100110110000110010100000010000000100010
010001110101110101111100001101101010000
100111110101011011011000101100000100111
