79
1001010101011101100010000011110011110001010010011000001001011101000011011111111
1011001001001010011111101010101100011111001010101001101001111101001111110101100
0011010000011001100101011111011001001110011001110110111101011100001001001001111
1110101110000000010110001011000000011011011000001000001111101001100001001010101
0100010110010100110111000010011011111111101100100000110001011111000100101001010
1011110110001001101101101100000010000001111110010001011100111101111001011001111
0100110100011001001001000111010101011111110100000101100100111100000100001010111
0011100111000111000001011011110001110101000000100111101111010011111010000100101
0000101011101100010000001000101100111100010100111100110110100110111100111001101
0111101100101101010101101000101100100001111110111111010100100110011010011011101
0101100000010000000111000111110101110000011001001011101100101110101011110111000
1001111000011101101101001100011100011110111111010011101011110111001110111000001
1000101011010110101011010101010100000101100010011011000010000001100111101111000
1111001011110111011100010001001110011110011110101110000010010011010010101001010
0001100011111101011111000011111101100011110110011011111101100010110011011100000
0101111110010001011110110001111101010010000010111000001011100110110011111001101
0100010010110001100011101010010110000111001011000011010010101001111110000000101
0110101010000010100100101110011100001100010000011000101110001100001101100001010
0011111110100110010010010110001111001011111001111100101101010110001111010100111
0111101100111011111010111011111000111110110010110111000100001101000110000101010
1101101100101000000111101110011010100101100110110100000111110100110011111011111
0100101110001010101110001011011110101000010001011101011000010011011110110010001
0001011110111101000100111011110100010111111110010001010100011000000110001110100
0010101111111010101100010010111111001101001000001110111111000010000001011010000
1000001011111101000010000010001110011100110010000101010100000010100101101000101
1100010010011001110000101011101100011010110100010001101110110001101111111011000
1011010100001101000011101101000110100011000011111111000010110000101010111110111
0100110001000010000111101111111111001010111011111010110000110010110101100111010
1001101101110100110111100111101000010110110000001111000110100100011100111101111
0000101111001110010010000011011101010101010011111110100010011000000101010010000
0001011110001111110000100110101100101101001110011100101001001001011110000101111
1000110000101100110010111100111011010001110101000010010010111100001000000011000
1111101001011011101011110010001010101111100111011000101010101010111011000100001
0001010101100011111001101011110000101011101111100111100011011110010000100011011
1011101011011010111010110101000000000011011011101000111110100101101101100000011
0011011010100111011011111010111001000100000000010101010010100100110011110100011
0010111010101001111111100111010101100001111110000101101101100111010000100111001
1001100111011010011111100000010010111001000111011101011100100101111000111010011
1001111111101101111110111100110011001000001111110100100100011000111010001011010
0010000110111010010000010111111111111110010011000011011100010101001110100001111
0011111000110110001101100011111100101100100011100110101100010010010001100100010
0001101001111000111101000111001101010000100100111111001101011100001011000001011
1111100010010100101100100011100011010110011000011011101110011010101001000010111
1111010110100111101001100011001001000110001010010001101011000101111011110000000
0001110100110000000110011010110001100001101000010011001111000101100000110011101
0000001110111010000000100101011010001101011100001110010111000111001000000101011
1111001010101111101100011101110011110100000010011010010010010101101001001110010
0000111000010101110110011111010000101110101001111111101111111000001001100100101
0001101000100010101011001000101011111111100001101010001011101010011100010111010
0110100001111101011100101101101010011001000001111101000001111011100101000111101
1000111101100101010100010011011001111100100110110010111001110011000001101001011
1000011011011010000110000111111100011001000010110010001001011000111011100110110
0000100111100110010011011110011110110001010000100101100110110110010000011011110
0100011111100110110000000110101110000111010010110100011100110100000000001100001
1101011110101011000110010011110101110110101010101111011110111101101001110010110
0010110011001101000000001011010110110000010110110111011000111001100000100110111
0011111010011000010110101010100110111100011111011100101101001010100010010111001
0011011100001101001101110011011010111101011110001010101100000110011101000011110
1101000001010000010010100111001000101101100100000011011110110110101100011010110
1110011010101110010100111100010110001101110010101011011110010011010101011011010
1010010100111011110000010001000001101011111101001000001000111000101011111001001
1100111010011000111100111100011001000011010110100100001010010100111111001001010
0101110000010001100011010000001000100111000000001111000001001001100011001101010
0001011001001011000010010110111111110000101100000001011100000101000110000011101
1101111101010000011000000101001100111001111000100101001010100100110111010110100
1110110110010110001010000011110100000011100010011010110111101010110101110000010
1111101111110111000000000110001010111110101000000010100101110000010000101010011
1001010110001111110010101101101111101111110110000001001101010000001100010000001
0010100110100001010010011110100000010100100011100111011010101100000110001011010
0010000111000110111101011100000101100100101011001101000010101011111000001001000
1110111001010011000110010111001111101100000100101010000111000101011100010101010
1111110111110100110111111010000010010011110010001010011101001100010010111110011
0110010100011110110100011000100110111100101001010001100110000111011100100010011
1110100101000110101001011101010000101111001010011011100110001101110111010001100
0010010101111000000111110101101000111100101100000000101111100100101100110011000
1101000001111100100110110110000010110100100010100011110000111100100011001101110
1011001110000001110001110011111010010000101010110110110010001010111001000001001
1101111100010111101010101111010010100100110101001010011011010100001100110011101
1011111000010101101110001010010010111000101100111010001101100000001101000000000
