85
1000100000000110111101110100100111111011010010110110010011000111010000000100000100000
1110111100100111111100111001011100100000100010001111111011000011110101100111010111101
1010011111000011000001000101100011011001011110011001001011100011100101111111110001110
1110111000011111110101100011110111010000011001011001001011100111011011000000110010000
1110111010000000100100010010011011100100101001001000111101110011111010011011001110111
1111001101000110001001010011110100010101000000010111000101110001111110101110110101101
1100011010000001001101110110101111110101110110000100110110011100011101001101110000110
0001110001011101101011100100101011001111011011001110110110010111011100110001110101110
1111010110110101011011010000001100101111000110001110000110101010001111100010000100001
1011011010011111111111111010001100010111110011001000001001000000111011000000001110110
0101000110101010100100101101101000011010111110011111001001010010000000000111000111011
0111011011110110111101010011001000111110011101110100111011010110010101011011100011100
1101110101111001000000111010011101110010010000011101000001101001010111110011000011001
0101100000101001100010001000111110111100011100110101101001011100101100100000111100111
0100110011101010000101111000100001001011010100100101110010000010100110110000100010000
1001000010011101010110001000100000011001100111010000100110000010110110100000100000111
1010100111010110011011000110011001111010111011110101001011010011010111111001111010101
0001110110000101000011000001110110001010101001110000101110010011011010010000000100001
1000101011101000101111000011101111100010010101011110010111001011010010001100100011001
1100100000101011001001011000100100001101011011000111111011011010111110000110011100111
1000010010011111010000111001001100100110111001010011010111111011111101111011101100111
0100001101110110101010100010101011010110001111100001100111110011110011001011010000011
1101000100010111001101111011110100010000000001110110000011111010100100000111111100010
1110101011001001111100110000010000100100110000111010101101010011110111011011111000010
1110000111101110101000100100111010101110111101001000001011000001001011011111101000101
0100000011100111111101011011110100001011101101111110100100100110101011001011011011011
1111100010011001110110001001100100010110111110001011100110010111111110110101001001100
1101011011111010110101011001111001101110001111111101010110011111010110110100001110000
1110001010101110010010101010010101011011110010100011101001100001010011100111010100110
1110110001000101011001111010011010110010001010111010101101011010011010110100011011101
0100110001111000001111110100101010110111110111010111111011001010100000101000011000111
1000111111101110101100011100011100101100101011101000011011011110100101010000000010110
0001010110110001111010010100000011001100110011011001011000111001101001001101000101000
1001100111001111011100001001101000100101010100111110110001000100100010100110111110000
1101101100101101011001101010000010000100011010111010011011001100001101011101111010010
0110111111000010001101001111110011100111000011111111100011100110000110010011001111100
1110101110101011110100101101011111001111010011100111111110010101101110111110001010000
1010101100101111110111001010010100110101011110001110001100100101110110001001100111110
1000001100000010010001011001011101011011011110110011011010101000111111000111000110110
1110110101101101001110101101011100100100001110000011001000000101100101000010000011000
1100000110100000110011101101001001111111011010010111000000100111101101011100011101100
0011011000111101101100110101101001111111100101101100000110010111100111010100000001111
1111010111111011110100000011100000000001111011101010100100100000011111101101101111101
1010101110010111111100011000010011110101101110010001000001010011100011001010110011011
0010111011000000000110111001100111100011011011000010011111011100001001010010101011101
0110101110101000101011000100100101011110010010000101101000100111001000011110101111001
0001110000101100000000000001010000000110100011010101010000001010110011010010001011010
1010111010101011011010110100100011001101101000111001001100011101101001100101101011011
1000011010100101110000011111101110101001100111010011110111000100101100111011001001010
0101001101111010011100101110000010110011011101110001101110001110110100000111100100101
1011011110001001100000101101100111010100110100111101011101100000111111110110111001111
1101001011000101110001101101010001100000100010010010111110110000110000100100011011000
0001011001111110111011110011111111011011001111000101001110011111000110010110111110110
0000000111110110001110010011100010010000001111110101000001111100101111101110101010001
0010010000110100001110000111101101111010111100111010101000010111110000001001110111110
0101000111001000011010011001100100000010110011001110000001101011110010100001101001010
1101011100001100001101000100101010110000101011000110000001011100011100111110101110010
1011100110001111010100101010101101000001000100011010111101100001001100000101010011100
0110000110100000101010111111100101000101100100100000011000000011001100100001000110111
0101111110010111100011110000011100000111100000001011000101010001010010111111010101010
0010011010110010110001111111111001000001001001100111111101111101011110000010010101101
1000001000111100100010101001010100010110011101111110101110001100011100010110001000111
1110011001011011000110001101100011111110010100010101000111111000010100110100111100110
1000010101001000001110110011100101110000110011100101011100101000001100100011000001001
0111101010000010110111111010100001000001010111001101011011101100011101111011110110101
1110000001110110110100100111111111100100111100110101001011010010111110100011011000110
0100001111010011001111011001000011110100010000011110001010011110010100100111011100101
0010111111100011010111011010000101101010001110011011110011110010001011111111010011010
1110111100111101010110111100001101111110101000010001011000010100100100101011010001000
1101010101100110010011001010110001011010111001000001100000111110000110001000110010011
1111001111100011110011011101011101101110110101110011100011000010001100000001101000010
1010111100011101110101001000111101100010101000101000010011010111111010011100011101101
1011110100100000110000111101110010010110001110001110001001010111100101101011110000111
1001101111011010001101100001010001000000101011101010000111000100110101100010011001011
1101010001001111011100100011110110010111101011010110000010000100000000011100001011001
1010100100001010100100111110010110000010110100011100101010001011000101001111001011001
0010100101110101001111000110001001010110111111110100001010101110011000001111101001001
1100101000010110110010000000111000111010110101011010111101101111100100111111110001000
0110111001111010000000100001011010010011101000110111111001010011111000010011010011101
0000111000010110100011111001110111101110101101010010111010001111111110111101111010001
1010010111110001010111011010011000011111001000101001110010100000101001111100101000001
1111101010111000011010010001011111011100100101111110000000111010111010100101001110000
0101110001001110101110000001100110010101110110000101011000100101011110101010011101110
1011001001011101011001100101010101001011000111111001111110001010101110000100001010101
0100000110001010100100010110110100010000000110101100000111111100010001110000001010010
