32
11010011100010010011011010101101
10110011011101010000001101101011
00001101000000101111110010010110
00100011100110011010001010000011
01100000101001001011101010101110
01101001011011100001110000001000
10110100010001111101011100101110
10001000010101011111011001110111
00100001000111000100001100101001
01111100001110010010010110001101
11001100101101100011010010100011
11011111010111001100111011000000
01100110010000100100011111111111
01010101000000000011001001100101
01110001101001010100110010111010
01111110000010110010110100101101
01111111110110101111100100000000
00000011101000001000011101100011
10101111001110010100001001110111
01110101000100110010001011010100
10110110010111000010110011000110
00011010011110010010000101100111
00000110000000010000010011001001
01110110111100100001010100011101
11010111111011101100111001110100
00010010101101100100000011001100
10010111101010001101111110110011
00001010111111110001101011100000
11011010011100010000111010011011
11100010011101001001010111010101
00011111101110010000010110011010
11001010000111001010001110011101
