120 238
27605 -926
66694 -1193
1991 -64006
661 -13517
2839 -64510
64449 73844
39401 -431
2067 -58004
52310 56371
454 -16859
28305 -1781
-10297 36226
5285 -79129
67564 -2997
709 -37453
60523 61159
54142 -329
57663 50465
48359 -781
-43186 52712
47890 -3553
69909 -2735
1799 -73447
1 -640
10697 39
-42602 12035
2233 -43784
29062 -985
520 -25159
-41618 71287
64510 -2839
3523 -77589
66877 -1359
79871 -208
1807 -71736
-24716 27668
356 -75945
128 -16383
18048 11261
1781 -28305
2419 -62388
860 -71781
216 -5069
3095 -52718
58600 79502
29686 -67
1525 -23076
27687 71033
1867 -35393
4661 -75338
2921 -79632
159 -23482
42527 -2288
79033 1194
9944 2506
1966 -51165
61683 29799
67390 65843
-60718 419
39213 -1945
3166 -53607
69928 26885
-29327 1415
46211 -1824
2233 -54641
5508 11991
1615 -32107
-43065 21403
68009 -3945
56175 634
1440 77491
53197 -1118
65 -16278
-66797 52923
1867 -35393
79817 -97
51042 76880
735 -42751
1088 -50927
1152 -1
-66680 46846
781 -48359
35380 26474
520 25159
50469 74358
-23350 74812
50 -2101
186 34559
41882 -1157
4 271
644 78919
631 -40828
53197 -1118
77589 -3523
-1239 40110
23482 -159
691 75091
-36506 62755
39 -10697
39240 661
1039 -32316
12287 35757
985 29062
1118 53197
18837 67755
62759 30416
41882 -1157
66877 1359
71302 -2889
2518 -79175
735 42751
-43392 19224
1 1920
78761 6664
523 15120
45132 3437
128 16383
1966 -51165
-70486 12657
17636 44660
622 24029
-71190 17611
28388 67549
-74529 55456
71121 -2708
1052 -78681
2335 62469
1788 42659
41882 -1157
-72733 6470
57383 1765
78681 970
1503 -47783
79207 -1004
2921 79632
207 62753
65039 48768
-48810 52238
57329 24999
237 16850
271 -4
-21766 76996
-46483 34104
2679 63389
-61548 68881
-69621 1578
66877 -1359
43784 2233
233 -32732
906 -69569
29224 22715
75091 -691
387 -60244
-7405 76886
1966 51165
458 -39369
50927 -1088
-44408 37161
-43287 39013
38623 758
4727 10011
1691 68071
32163 59510
661 13517
8486 -199
2371 67192
5495 41205
9098 429
78681 970
2645 65847
29033 -247
-18852 75293
52780 -1201
-68578 76131
65769 19934
4334 52010
1052 -78681
2287 41962
4496 275
-37427 54540
23709 12394
20797 466
458 39369
68211 34209
48997 45463
57801 1637
443 7120
-25910 7687
7424 107
40828 13534
39847 2088
329 -54142
1647 29278
-1978 25955
67501 4271
16169 33386
38715 29556
-23355 54348
48512 45642
73447 1799
237 16850
4335 65249
73343 21033
60067 1994
758 38623
-17447 27510
2839 64510
1968 65465
1954 47011
79175 2518
429 9098
5357 73251
-6147 27610
-33864 57498
67192 2371
46269 73087
-12309 53504
2233 54641
23118 7749
457 47856
-75029 20361
47723 25201
63389 2679
78133 5356
1525 23076
1503 47783
1273 77163
5095 75097
67555 67588
1157 41882
4473 21128
4013 55679
16383 128
74698 4045
46565 3751
3433 60649
36277 59942
67501 4271
