384 232
347 -70818
27 -9536
71305 -538
24999 -64
60902 -317
74711 -57
77 -76977
1 5362
217 -37533
5043 -23
71286 -475
14243 -78
54216 -91
38 -72301
51543 -97
2263 -16
-1551 37235
74621 -396
75069 14
58982 1
13439 -18
53228 -37
79853 -88
225 -64736
347 -79636
200 -61121
401 -72773
74481 -173
5093 -31
56239 41
79853 -88
307 -75134
51543 -97
19 -74711
75531 -178
471 -76952
53797 -83
29 51833
32768 15
45925 -102
19 -74711
1 -5362
63497 -225
31 -14174
64566 -185
369 -77452
9313 9
100 -71063
396 -70139
58982 1
73427 61
200 -61121
287 -75909
78643 124
128 -63443
61 -22073
34 -19099
127 -29375
9 -40834
27100 -17
50831 -237
16271 -8
97 -51543
63443 -128
53797 -83
145 -42549
46577 32042
61 28330
5043 -23
1 5362
18 13439
60217 -195
177 -42266
32019 19
184 -75893
107 -28049
5043 -23
184 -75893
367 -75951
233 -66390
77959 152
20597 -22
47457 70
148 77251
58982 1
8 -8903
70695 -344
28735 -19
27951 -118
24147 61
72301 38
5 32768
47457 -70
63629 178
173 -74481
61 -28330
19 53365
7 -3303
61 28330
222 76573
766 -1
76573 222
237 -61042
79498 -31
31 -14174
19 -15784
8903 8
19 -15784
38 -72301
51543 97
28735 -19
14174 -31
34317 -32
109 -66279
124 78643
3 -9313
32019 -19
4332 -13
63701 27
64566 -185
75835 9
1 766
31 -14174
102 45925
34317 32
66390 233
83 -53797
37162 -109
32768 -15
3303 -7
77439 193
13748 65493
79853 -88
184 -58663
-66909 32840
79147 -157
61 28330
53365 19
34 -19099
42754 137
11 3046
347 77232
28049 107
11 7633
138 -52513
77 76977
225 64736
19 28735
124 67099
8017 14
53365 -19
64 -24999
67143 -181
-69515 57249
23593 -2
251 70163
3 -2641
50831 237
51833 -29
54216 -91
53365 -19
74711 -57
29213 158
69 62612
369 77452
4332 13
24999 64
57 -33287
178 75531
181 67143
300 66271
1 8426
151 72409
22073 61
17663 56
140 -77173
74099 348
229 38262
59475 241
-49249 54185
27 -63701
428 74465
63629 178
121 32588
16271 -8
76952 471
8 -16271
113 18774
51118 65
307 75134
118 27951
32 -34317
393 79111
285 52366
61 24147
19 32019
16271 8
367 56516
373 69400
-70541 26773
66512 53
68507 187
74348 329
347 77232
-69419 28334
317 60902
59993 178
371 66510
15 32768
-30496 45560
77876 305
-41403 79053
17 -27100
9313 -3
58982 153
63701 -27
9536 27
70139 396
65 51118
75531 178
57 33287
19 28735
14243 78
173 74481
401 61431
178 75531
66271 300
79936 473
32193 137
3 9313
79636 347
49 41886
