266 293
894 -57361
-17561 25552
70300 47991
-41205 71956
57152 61600
-76618 42557
-29400 54115
-4840 4161
28301 -199
39475 79518
-69925 10610
-50387 74348
78815 19616
-12663 57874
-25026 45702
54275 58406
-36006 18810
-15661 34999
39659 21618
66365 -1208
-23081 62932
43000 56978
-657 71414
-43471 41867
-10476 34310
117 67579
53057 76395
-51196 64980
-68860 35611
78920 65520
-21799 64144
52577 17794
70949 76668
70605 50832
21732 73232
12931 54417
-371 57485
-6629 45827
-19925 14254
63578 18258
57215 65681
52013 -340
44988 33963
55485 43040
-31109 42344
-25635 77139
3265 15253
57064 32314
11672 6060
-37420 21316
18518 47314
25163 45857
-10453 77525
-55935 27224
-40437 60785
58671 72813
-34851 78319
15195 1015
-55559 79924
50049 26180
-55512 11668
-45614 33383
59884 55596
-37026 61168
66389 65456
53027 57887
45742 36314
58559 62522
11004 70753
53118 22086
73956 8583
2139 77564
42218 9682
79995 49018
79396 24427
-22090 40333
-72891 6988
-74715 9684
25131 74649
77783 2103
26389 44478
-68527 73933
6247 75793
-4791 74079
78543 358
52040 42540
-20675 15389
21533 4081
11562 52089
75746 45573
-19073 58293
79935 59194
79190 22949
55520 45003
50888 25472
-56741 19996
-24572 24920
47211 73284
6541 79351
-21692 40759
-6494 76021
-13061 73997
24324 39666
-51880 78388
10190 45264
-64444 21339
-53167 61371
13355 -126
4893 22689
-76206 55133
-67287 51375
-51984 15516
-14003 55397
38007 69938
-45297 68395
79670 32051
1602 20716
30004 12700
13072 75623
76386 28553
46592 9143
-73157 69631
-9813 52455
-2266 56432
23356 6209
42528 62406
-2472 26944
-37907 26416
-32295 50636
72236 4075
-716 16146
-7210 23312
-50499 8835
2339 -10
-56883 23966
6265 72311
-6917 49325
59674 44015
-4526 52276
64072 47786
-18225 34775
23079 11946
1744 20133
10300 68799
18454 13700
10 2339
-37718 43861
-75471 34034
66816 19128
-7420 79799
-27651 70199
-28039 19219
54908 19780
-49037 67659
-62629 39261
60778 23008
-3642 52795
-59169 23468
66410 61515
-5655 64195
21818 61559
27751 64832
73764 72934
19563 41494
17027 7237
6988 43846
-49824 79943
-4709 16725
-1286 47984
29027 62594
-13491 8890
59769 56065
23284 16599
91 9792
71221 70830
-31652 20476
28598 67582
50582 24996
-70147 20304
-9365 51908
11631 27427
-59528 23440
-48101 50372
-32492 43773
77211 33955
-7806 63515
46605 44787
-42674 38461
-53284 37198
22337 15139
56310 12150
-60576 21177
-49641 69637
776 65551
-926 68189
74802 63310
-55247 15192
62490 28933
3040 58176
74468 64632
39158 73649
-59083 21834
-61911 65475
52893 39574
78388 3040
60815 39771
-30724 29235
79064 21051
-70988 74028
-7653 21557
40312 21583
-3725 22026
41181 5625
-4668 2265
-64138 59516
2904 55112
33932 2256
-33531 5488
-31358 14986
38857 45944
78191 -163
72362 55892
78299 38622
7400 14074
47148 63694
61731 46801
-20673 76143
-71981 42169
26097 656
5531 22461
-63323 47233
15739 50975
-26559 75299
-64411 7022
64030 10872
-32106 22869
-58888 53051
-55477 30063
54240 24908
-47252 63075
29111 -36
-26002 74812
-68543 24425
-10296 51582
-79213 65858
-74486 42941
64295 76329
-61532 31802
52387 60720
78765 1339
-55281 79078
-32327 7732
-8552 35437
-36379 44653
70121 48258
-45961 74290
-9375 1833
30585 241
15520 52867
-21429 78184
77706 475
-53471 31740
60481 8681
-10255 44906
20230 7490
68101 5433
-4381 57355
72063 70169
78884 75633
38288 77620
-60880 43611
9150 34131
45663 73236
-33133 49365
60830 56086
21844 35981
49 44736
-19712 72799
-479 58205
56379 35026
-41091 24732
-6558 7024
-74168 70213
-7928 75348
46216 60432
40352 33537
-26110 46487
-9316 73964
-58030 70955
-75235 34981
6507 65827
44369 61262
-49007 43845
