291 121
67 -78257
13236 8075
-36370 76310
65608 -215
-16010 43393
75157 -446
-38133 60164
-5612 46803
-37446 42876
13 40031
32544 -49
-42312 37879
13549 2
20043 53795
128 -26929
-38458 25089
38273 17883
50022 78487
78545 -429
10 -6391
-43426 75116
2 3985
-47622 5871
22226 47866
38055 74901
-57584 27162
27253 14892
-8154 7244
-78058 19613
33 58831
-71596 64312
70521 -127
-42131 4662
-69369 38391
2 13549
63851 -164
26249 62621
15592 29
-31702 57516
64480 4832
-55211 58130
-56078 28274
24604 4148
67033 -283
43293 -193
56454 25
-33344 33211
-68902 27271
2 -13549
-54675 34299
35 38243
-42601 6720
25743 -19
74101 15316
5309 64787
12178 56375
76581 52
-75014 21686
46476 -59
51292 -159
38825 61764
5 56454
55049 69209
-35167 44371
53797 135
65063 9749
25069 5838
16730 35316
-21924 60892
3985 -2
52918 51176
-430 27681
212 67111
-1719 79955
15190 51876
29142 72169
-26434 21220
86 19039
5 -18818
27 12881
73712 61801
3460 10353
49 32544
-77921 14800
73506 33679
-5424 47522
-68549 1382
45471 9795
-71222 59476
26916 40785
30632 63786
12468 10118
-47957 67171
54512 58227
81 33056
-25671 39623
55374 15489
-48707 21341
-19570 42802
44380 33896
-22113 729
15854 71427
-63768 78773
68985 9920
-53894 38463
61749 206
30043 23647
-6937 79892
71315 61214
29229 170
23836 57
43550 99
66410 57770
51355 18437
18818 5
78262 47471
17466 56806
-79380 18866
-37404 48757
323 61120
-75496 45932
