131 319
64049 -3453
51 -50012
16930 54932
3425 -54846
43919 -1531
73915 70567
57908 -2629
1373 -42602
61273 18626
5561 -290
59112 -5251
-78111 50167
26104 17430
-46022 124
14146 42734
1139 -17184
79437 -4750
-42657 73963
56257 56581
52253 -2311
-64673 38206
79643 -1474
15406 -1053
49779 50317
-78095 77850
39427 65051
54460 2578
40304 64455
1219 -75365
18782 62512
-15976 58126
-38418 5239
-51432 1730
69805 73441
62467 -4325
31913 62164
-32200 64240
79043 -1025
1831 -63748
20286 37451
78173 -877
42519 -2080
3467 -62936
55523 -2537
64523 79696
67925 79148
2354 -35201
-2120 16519
37008 69926
38906 69450
-60862 45844
77438 17364
-372 33085
14104 71511
-1909 56317
1228 -16535
77974 75450
34415 356
50525 62353
1633 -64013
69057 -2771
25752 38856
8658 39800
-56731 76298
61925 40756
67283 -3173
-21686 62706
43351 70509
-55780 76788
-8968 30149
42937 294
23644 -31
11167 8246
78173 877
-43654 56273
20117 431
-53119 63791
-16172 16037
3692 -73273
-14570 17645
57406 19625
79643 -1474
-24286 54255
519 79166
15406 -1053
-8812 27936
-72812 14183
9438 36683
72243 1000
63076 -1425
-74856 75399
4750 -79437
-52237 17607
-56580 11984
4518 -79469
78672 64152
46322 49046
-18119 38630
50012 -51
-74534 66301
2320 -68863
50525 -1053
152 41735
72731 72074
-34505 8281
-33318 37151
-30726 48655
50975 23503
-2450 44774
-75134 4711
134 -43801
28751 -1474
475 17612
-16357 66383
31272 51098
62976 42373
-69561 3861
2327 -75632
7034 19765
15399 -880
1637 -50337
618 -11401
29241 15214
31 -23644
75253 296
55523 -2537
-64415 27721
74299 617
-49266 46438
58485 1714
-37985 43681
104 -54915
50525 -1053
3 173
807 -47333
23468 873
19500 -851
1399 -71108
50561 49563
1368 -76321
-46965 38785
79169 173
207 5354
47477 67828
1151 -57648
-77677 75138
32528 327
327 32528
273 56786
-23664 51840
-12714 4863
-24425 26529
17612 475
-5172 64229
8851 138
45681 57
61629 39393
42371 61023
13075 25113
-20846 9331
50549 61559
2747 67963
-72361 33301
-36364 21173
30824 4345
4207 45127
68939 2504
41428 7719
-59856 61830
-15456 42505
5354 207
809 76064
60595 -256
59491 31450
-4396 26348
-75330 30208
2673 68617
-52570 47743
24180 61346
37113 8765
21412 31527
2549 53061
-27364 5756
35483 822
51927 -1355
7978 59380
35083 680
79338 -1885
22251 5891
-71883 68018
12297 9334
66869 3664
639 41765
-64378 12051
7047 31911
-65198 52077
59550 -1867
41765 -639
-6279 33479
65713 -584
75632 2327
58442 40101
-4929 25493
1144 -44337
60979 -1520
10804 263
-66668 52737
-69640 30634
273 56786
-41142 14153
-71033 21225
-28104 2281
809 -76064
70731 46873
55468 74897
368 9971
73273 3692
68462 17398
-40320 58856
-72675 15163
32528 -327
-40858 63336
1399 71108
-34535 52769
17390 17014
-61815 32092
57908 2629
-56185 75626
-36154 8053
19113 181
151 -9507
66758 963
32608 6295
28751 1474
15399 880
-37489 48989
-9421 55125
49790 72887
-37475 17241
-57958 18805
-6187 56045
1637 50337
13965 50122
-42111 8641
22199 18000
65238 42364
4462 8326
-3601 15946
1795 64461
73126 2485
290 5561
-17055 46812
9971 368
33839 2178
2311 52253
1009 18219
-69133 56217
-47502 26369
46956 1631
-76602 21386
-35149 69509
-18879 58486
56290 15493
41560 58435
-60424 78148
22483 57858
-21049 69809
64412 78120
43919 1531
-13575 16630
4531 358
6857 27204
-4309 75627
4813 63789
2922 54797
-63176 46437
60843 28261
-36313 26365
73720 67610
31662 48057
32538 8135
67963 2747
52542 45766
-18721 31238
75253 -296
282 6733
78623 1180
50014 4947
1637 50337
65316 5413
-22225 52034
5042 73135
-36890 26124
62542 61622
-26081 49340
58924 2123
-13571 67075
134 -43801
-51000 2912
3546 79985
35083 680
67318 50179
71521 52311
73337 2085
75941 73067
7924 685
115 71764
37855 1763
73273 3692
-70349 19218
47553 77798
-68447 27104
173 3
37539 10190
18219 1009
-11439 46644
40212 1895
37903 127
30725 9441
