102 186
1139 -18968
-19996 20685
6467 -335
3744 -43819
1441 -37661
1441 -37661
71153 -5591
3371 -63299
1222 -44971
536 -30547
29290 -359
68648 -2461
3105 -49697
-54722 5586
2098 -38011
15098 52828
2796 -41219
6917 -268
33952 16095
503 -46512
3105 -74563
78015 25365
17668 -881
556 -35589
49 -11995
57819 49052
2095 -65486
2223 45060
69340 -2921
29290 359
79269 -4606
5 20808
40351 -1973
-10503 27864
53890 7174
4606 -79269
-54049 72474
5704 67709
693 -52427
56437 -3581
45726 2786
572 64331
-54650 30896
21886 53008
-49301 5578
19519 -1286
58648 4748
-4 21975
-76334 38578
70777 -1310
65867 -934
45703 -1374
3431 6734
3265 -73
-67964 70415
546 -52837
-16419 41137
1131 51698
1066 41433
21385 -612
-76889 70017
58578 19217
37083 73780
30680 -1619
49814 -2677
2104 76081
70078 10791
-5583 39025
39731 58225
72260 191
65821 -965
79668 -1973
9776 34176
3926 -67
603 76039
52619 1658
401 18742
40235 74000
74086 2263
93 43003
2858 16277
7252 -309
41433 -1066
119 -70747
50318 -1901
25 -8003
8104 -37
49 11995
-43860 52669
73522 -1927
3085 78643
2709 62168
7252 -309
503 46512
79668 -1973
73207 1954
76464 3295
36060 1171
58945 37967
3085 78643
76039 -603
1755 -75254
-35665 1860
539 25929
-54891 20397
-44035 53580
1310 -70777
-35029 1429
75254 1755
36060 -1171
22253 48970
8104 -37
76962 38109
5 6936
28149 20616
18742 -401
1161 72095
3449 73445
2943 52856
-68621 5173
401 -18742
-36487 63
11995 -49
-72201 12908
1486 61193
2461 68648
25572 13991
-65239 64733
2677 49814
3997 76445
75254 -1755
60204 1433
2924 468
1636 78223
-33279 55002
602 11731
-43031 54980
49163 31117
-39941 20912
401 -18742
52427 -693
6936 5
-23910 22694
180 -21401
74475 4798
339 -52249
46277 9590
-3623 26737
-54095 11906
2778 74483
49814 2677
37897 56085
42627 51902
-43925 32751
55215 1394
1456 28643
5 6936
3230 70532
3581 56437
572 64331
66337 4953
-45886 2817
37 -8104
2045 30587
20808 5
70684 53321
77275 11657
503 9194
38991 1379
3871 68332
1441 37661
2461 68648
503 9194
-31398 69757
5073 69770
3642 75989
11731 602
-2521 22662
55 -15259
351 15368
1486 61193
47291 3855
-22289 34482
3295 76464
-47326 63635
79861 403
