372 347
589 -60935
-64659 13715
912 59572
77875 15702
65545 64749
56139 71038
-376 32097
-3393 61076
59219 14897
16828 62340
58884 52877
22420 60429
622 -57281
39476 40411
-10130 27421
55130 13278
8713 61435
2113 22960
36019 9879
-16564 22431
37466 61215
-26580 61560
-56210 20079
-50424 37980
-74650 71521
33162 27607
66735 41607
-3220 36819
-8410 25832
68646 61076
-42390 67208
73680 40112
66154 74605
62713 8188
-20241 5140
15173 67233
-34146 61191
42506 43202
24521 58359
12401 69316
54154 5342
12278 41549
48114 60019
5892 38767
35950 11577
-51362 4163
-21708 61590
-78182 67425
-4777 77012
6114 18358
32153 71018
-36327 25057
-32741 37897
-77266 58213
-9462 58937
71728 53165
26185 -79
333 -76483
-46377 13541
-33870 18030
60329 73268
-72766 58649
378 -51917
7824 76448
16184 24947
-64655 16507
68249 36823
45914 59384
-68871 55790
-75530 29543
72977 31947
-52390 54656
-70011 30154
-59974 24391
11272 36589
57516 77466
-75716 263
300 -34811
-11001 35582
-63740 21464
34448 60921
2850 18288
-22656 55972
-35243 79935
78411 43611
-40455 23631
-71353 39897
-15928 9498
-11543 70011
8265 4616
-49939 64456
48821 44127
19460 15672
-5714 47556
-15244 44036
46140 33038
14008 70741
-4500 78113
-35589 75342
41317 2353
-70517 64322
-3292 63622
-78482 23176
-21868 50234
52599 -191
-70077 9063
-32936 13436
-63913 69439
27143 70363
-78231 69106
45492 79843
-41608 68357
-77620 25374
-5446 34458
55792 61373
-70302 8633
65588 3179
76128 33445
59030 50866
12336 63283
-71620 70301
19515 6239
78009 28188
-12518 10647
19149 62801
48410 14233
5507 18979
-63233 20829
63866 57442
-35972 16732
43073 40084
50646 38148
50699 2575
-72197 26469
21814 24837
-17326 4493
9733 46031
66355 193
63249 48484
13244 -39
53262 59495
9002 8751
47659 20470
-37778 19832
249 79670
35811 67684
64722 44145
-42998 46289
-55760 60556
67155 10940
10315 42205
4393 -25
4503 68370
-76112 27881
17480 72034
57643 34538
23150 72522
-64024 3622
-60700 76290
-41461 36588
846 48631
16869 41574
-23077 73600
-57947 4365
46439 33310
35941 34057
-72579 9445
66289 48040
-54841 39361
46156 261
57611 23701
60211 29721
65394 37934
-67611 31261
15653 47116
20871 23
9044 32073
17 62734
60350 78292
-13212 34463
36 -10219
52522 56924
-14805 14485
14959 27590
69110 20222
-50808 69687
39113 44510
-20454 60168
64955 1924
-16915 54232
68551 5911
-67073 10435
-41286 71872
77781 45227
-56810 31499
-23336 53099
23409 62597
10113 58462
61351 76418
-58657 14210
-64063 31951
-48311 47112
701 57616
24557 63270
40043 34
59966 24762
16148 29705
65196 68974
45906 46948
73974 18382
-62849 29141
48107 3024
-75162 25331
-51242 51974
695 46997
-11369 7010
28750 77398
52277 47728
-38950 28394
12131 3073
98 60951
35513 48791
-13784 41581
18423 11512
25806 40456
-73671 15044
38456 73124
-71986 63391
-64178 2696
-78785 37017
-26225 78311
53909 63574
-6998 24862
-26952 71067
-40438 37172
48809 72050
46228 35190
-8495 49627
56345 18553
-27492 79502
25493 57425
14889 47978
-54027 50377
-77741 39484
-15426 42935
-65610 37180
17067 16441
-25622 51388
43696 61981
40708 48306
-67346 29077
30590 29611
22987 42412
48346 51224
25176 76957
-38911 17576
41919 44084
-30366 12374
-32649 70610
56834 76894
-77763 42389
-73743 5391
70518 75547
283 49415
38973 37304
-65403 21957
-46068 17
540 73079
31797 43216
-76178 37974
45472 78428
-51054 54626
438 35924
69490 73898
-11011 11143
-7909 71150
70616 44465
343 75641
24270 28028
17856 22990
53969 79947
-44678 67149
-32599 8665
-63376 63277
-64089 23177
23436 58198
-76994 49658
70409 27437
58739 28747
-28517 17664
58638 1188
68095 17856
36721 11293
-38300 56735
64359 68381
-71653 51297
-29067 66211
23796 32668
-23326 27977
16826 35706
-46926 39646
-69315 43589
57518 23160
-66980 33818
-10959 56943
-25855 70871
-69380 79640
718 1599
635 76241
-63742 23233
52120 39341
-17367 33782
850 75513
14285 19389
56548 43091
55975 359
70749 15488
-62725 37353
-36651 32092
39448 57787
58788 12340
22356 21099
-69704 29527
28145 54766
-1800 59217
57968 49545
-9196 34972
-59708 8435
9303 44342
58269 31838
20702 75976
26634 24752
-32821 18013
20132 30707
58828 38129
56492 74550
-21391 58983
72304 41843
15503 74167
77190 44433
51909 59989
-17005 64012
-54640 10668
-67379 35645
-48816 66622
-37822 15040
-35820 44763
