384 93
222 -76573
-53206 70503
77787 75131
35334 78634
72333 15051
62575 74435
-65017 21005
-27111 57276
-53348 67302
75202 13267
-77121 34001
71417 61516
-64445 19387
19948 64159
-32712 12138
26722 51552
-17420 11424
52455 53050
-50508 54557
-35506 52029
18813 43986
39507 16522
70932 2375
19141 21337
11929 -18
749 67425
100 -71063
71895 13265
53365 -19
-79566 33732
52942 62866
5 32768
54438 19774
-22565 23051
38916 64975
-12276 46145
-68641 19796
20 69391
51118 65
-34375 10013
-75010 30231
73427 -61
-39331 13934
20 51289
8468 46871
11641 79032
45555 22387
53467 67222
68401 1446
56931 5990
52722 35848
-28254 37233
-49034 17872
11715 14035
34099 73091
69500 75064
-28700 9935
41338 21279
8 16271
-28883 47673
69424 66444
52846 40394
2703 66699
-26715 2301
-52050 47865
34317 32
-75674 1690
37 -53228
8 8903
18 11929
27981 32299
-41160 2400
-30145 58507
2249 69048
67078 21842
54360 17935
31771 36032
8000 68964
66389 7320
38318 37598
-24927 68178
-2969 21964
30940 24697
8737 72258
-3834 59489
8903 8
-60232 10966
32019 19
62868 27333
-58259 42288
56792 39160
-25716 49571
72480 70628
