64 55
62605 -3488
53130 -227
38 20753
62197 51652
79838 -731
59110 -3439
65 -21299
-58883 64101
50660 -2013
29369 -520
39221 407
74310 -1679
-74593 18782
21299 65
34969 74900
2505 53174
227 -53130
2726 45546
77 -14017
2451 -56453
803 -62639
61741 34542
1087 53946
65 21299
39622 69478
72616 -1197
13578 -257
1358 54233
-5610 73384
40423 1309
731 -79838
33565 12499
20753 -38
28213 810
8469 181
76822 891
227 -53130
62639 803
506 75363
74853 1051
76822 -891
506 -75363
79838 731
12823 4558
-40954 3301
506 -75363
891 76822
-76814 66409
68364 46959
65 -21299
79838 731
64679 2967
1087 53946
14916 4605
56453 2451
