58 268
57761 -14254
28800 1025
41079 -8155
57918 -7937
63623 -1656
3112 -15809
-45655 67971
15971 -43025
7041 -23270
-50108 15096
10797 -25208
-5359 51344
11309 -32367
-60422 18820
11055 -61307
9941 -44042
27374 -68639
1638 -48925
878 -5569
-71778 57995
5197 -48344
6025 -1136
35371 -3748
8009 -41386
8155 -41079
13877 -63915
48344 -5197
36100 -2889
28975 -71368
73511 -5327
-35154 2386
-12604 18411
77011 -13384
28883 40494
12106 -30719
8033 -27069
25381 -78719
59930 -10513
24746 -69967
28003 -8693
39689 79421
14281 -59582
72428 2181
11309 -32367
6961 -44605
9517 -34964
11309 -32367
11603 50304
74341 -23225
61307 -11055
923 -15667
-60472 13611
70364 42385
68541 -4760
7497 63863
1098 64219
-70020 61349
41105 2607
79621 16104
5110 -17793
3557 -36187
3505 -70218
73079 -10360
49422 -8831
79979 -7617
-9304 42234
291 55937
63873 -1948
1345 62379
57761 -14254
48767 -8238
48683 -398
1098 -64219
-20204 74986
61375 -8992
-38665 54975
11675 -77178
63488 -13893
2489 45744
647 -58033
77857 -6585
-14148 49950
74097 -18550
11675 -77178
-64133 67452
427 3916
67765 -2977
62501 -3870
62259 -17294
79880 -20573
15317 -1249
64402 -2733
3557 36187
75079 1172
79979 -7617
54233 34525
-73763 65747
2921 71344
78946 16957
3748 35371
-43439 30348
61722 41256
61375 8992
1747 -36081
76177 4946
8155 -41079
5114 49703
48344 5197
61375 -8992
-12971 26868
78371 11234
48767 8238
1656 -63623
27287 57652
3748 -35371
68541 4760
16894 113
3145 40057
7144 -61185
11234 78371
2838 -13175
25733 -4767
13175 -2838
47970 7333
3870 -62501
878 -5569
5327 -73511
7937 57918
48202 -5479
64219 1098
49247 3792
7163 -63885
1656 63623
64403 -8120
4006 -71649
43211 8723
2733 64402
74601 11881
47877 57273
-26079 15973
77857 -6585
9260 52301
-752 33971
39370 8213
68466 8953
48925 -1638
6025 1136
79147 -4544
2977 -67765
2357 26901
75079 -1172
15064 72801
77011 -13384
-34283 47413
31023 -392
8627 71055
70218 -3505
1136 6025
69865 5803
3187 52751
63885 -7163
57918 7937
79390 -177
72801 15064
47935 -6947
517 3491
1747 36081
42696 3223
5167 22042
26126 -1775
11867 63495
43 -11572
50638 6005
5402 -62743
79147 -4544
35371 3748
61375 8992
48767 8238
-3106 70959
65735 -4367
36100 2889
77578 42119
26901 2357
68174 14569
52512 14003
18953 1834
48344 -5197
-46973 76795
52512 14003
923 15667
78501 31286
74904 58005
14500 16814
4767 25733
8655 66988
3916 -427
591 31799
5221 1098
8601 62051
-18033 59512
-58308 76879
42696 3223
31023 -392
70218 3505
79324 22481
56709 -1645
4006 71649
-1023 22695
49217 52286
508 52577
16255 64468
-36680 25094
35371 3748
68891 2512
21154 75141
3870 -62501
4544 -79147
52512 14003
32513 11222
-18443 2373
11159 224
1506 13619
67505 -2663
68541 4760
8849 65322
74229 1711
48683 398
42878 19660
19149 7151
508 52577
76177 4946
28970 55345
291 -55937
6947 47935
45744 2489
74537 15172
34258 58620
18391 79044
12411 44381
19449 4696
48683 -398
22400 76473
11746 22547
-32487 65300
72801 15064
13877 63915
-40813 13393
11572 43
10251 32605
18569 6215
67826 76096
13175 2838
42696 3223
1345 62379
11309 32367
30227 67282
72801 15064
2357 26901
61375 8992
19564 64243
618 4001
72471 15364
12251 74664
39175 2898
42363 59109
75201 14428
66643 51228
4780 2323
