154 133
179 -17504
56085 26718
5245 -47
55761 4994
65938 -869
52119 60381
-8989 5977
-40158 24959
63011 72696
43630 8034
21465 -301
69214 57011
34412 -439
-19447 6894
1331 -57102
-48308 20481
-40365 39761
70783 97
38133 4374
16814 13062
78466 -1713
64344 57916
457 -45630
5712 46011
124 61911
79640 -361
16955 6445
1101 -79714
21842 71487
-648 32521
1187 -74553
-11756 62773
9224 45216
28018 6153
69398 -417
391 -22749
-31290 68143
25566 75140
337 -71041
5 6776
457 -45630
7108 71710
576 72851
-15122 17978
1217 -69110
120 -18661
231 -59225
69940 51976
223 -78350
19531 71496
35171 241
34180 11388
271 -33385
6827 3985
-2043 14044
11919 43731
18661 -120
67217 -248
1087 -79921
25669 -46
124 61911
71041 337
71041 337
21043 38067
6 1211
-14342 12408
9694 93
74081 -492
71638 -219
51691 -485
53184 50815
51131 35095
219 71638
457 45630
757 48840
51691 -485
291 -33257
-19595 59006
482 68987
399 -47909
-69758 33950
116 22457
463 -65552
43510 29670
-49150 54544
-63446 53632
361 -79640
93 -9694
20326 60433
25416 49226
79052 -325
38361 716
47432 -15
59225 -231
24998 3808
-63169 65639
-16421 13484
5 -6776
75 -28459
-77185 17422
46737 202
61911 124
10574 65134
-28089 56156
-69683 2887
869 65938
-39080 20151
457 45630
-65626 56093
79640 -361
55241 1136
74 4587
29586 63764
78350 -223
-79698 12312
911 76468
76987 560
20008 365
58541 611
9694 93
-41462 69514
-74884 58902
41312 867
361 79640
24243 -23
28894 79708
48840 757
69334 1499
15 -47432
1217 69110
1499 69334
-68763 55992
560 76987
