312 122
234 -64619
-40983 48385
63334 -379
79257 -458
106 -59817
39375 49435
875 -2
-3529 74613
25673 -60
12979 -51
52782 -61
-40635 65537
2225 -2
-35308 31286
24563 57047
-13349 78738
43746 29420
15575 -26
22189 10478
28577 74501
53283 26
6735 -32
35469 29494
76433 -53
238 -69677
-4445 69419
48377 -41
172 -78791
185 -45304
63 -15826
-41307 75344
-36516 44578
40177 -162
21632 5
-45257 77264
-55218 38265
65 -18208
59525 -133
55477 -161
60912 45397
38064 55020
4992 -5
161 -55477
4659 54167
-26159 611
875 2
41 -76021
77875 -122
66866 56931
46993 -175
133 -59525
-4237 59856
71285 44704
56522 135
-8922 77159
15729 32051
875 -2
-4607 67147
2 -875
-56347 75622
76433 -53
53 17945
56 53183
19883 -24
-1723 63051
106 -59817
35 23909
-22521 65953
31333 2601
54994 137
95 35229
53 -76433
76433 53
60315 79
53283 -26
6980 14888
55 -26439
42407 110
16438 33092
65 18208
56522 135
2 2225
8044 46116
14976 5
21632 -5
213 50264
14976 5
-25865 16019
74107 59
-22453 31386
35 23909
16841 983
57953 192
74253 -82
76021 -41
26 15575
74829 52465
-35573 32539
317 66005
11125 2
59817 106
69110 68114
162 40177
6682 61983
64896 -25
167 40388
40 7987
53 29066
238 7187
-6054 16335
38324 125
77221 355
-8968 63283
267 77009
77382 157
69326 365
19883 24
-11289 67555
31 11719
41406 20583
9408 46044
157 77382
