208 294
22385 -646
291 -32912
-34842 59160
22562 2430
-70510 16186
77256 47323
-33596 65894
43181 67747
53815 55278
35120 78968
62724 64490
-49477 65096
61245 42387
26899 -412
21369 49288
41958 52203
20734 38114
32072 -725
-58899 7484
151 74661
-3947 79948
-48616 47449
77300 8162
-20236 35291
-55328 68794
9938 61459
-13128 48616
719 -69505
19001 31897
18911 4938
-13820 5932
60649 9043
-72277 16647
-21111 34758
65496 2658
-24746 57787
57604 58599
62578 75932
-38242 47637
47205 4439
-65852 36147
35929 62010
58227 48687
-11226 32712
-70190 4287
-44091 48560
-6825 27417
45021 10170
-14947 52383
77251 -1639
-60825 64819
-16784 9695
414 -68231
17184 -295
68193 3994
79633 -520
-68869 19700
27278 93
-36924 19792
29240 29045
-54937 21388
31502 73533
-74569 50683
-42633 49949
1269 52102
-30631 71293
35639 24267
-21513 17607
9736 8004
-5227 61892
-15020 70815
-48185 78069
-7849 71140
33704 -411
-53326 29566
12153 61741
-75158 7708
77358 -1507
-57402 15736
-23305 6555
-55749 37621
58114 30401
-70202 28043
77623 1718
69081 43381
-76662 78035
-47455 48121
-29656 3671
44644 57098
-45090 18271
-1289 44065
-63562 338
34564 11471
30176 17351
-54948 71535
-31846 50319
73865 67838
35410 33182
-39198 4307
-58776 13726
-75506 14213
-67315 21032
-19922 77685
62089 63728
74562 -349
28232 50902
750 -56177
-60042 1397
54735 33006
17411 37458
77118 47563
18575 -117
-703 39966
28894 -603
-10818 53431
-11695 25458
831 -77726
53981 16496
-68132 6598
47745 43082
35784 8745
17236 5401
-77197 79051
-66210 66388
-11360 11337
-28328 46011
20743 32011
-24122 29566
695 47156
-62794 60000
-17917 59711
-74961 48641
-43550 34554
-35909 200
587 44352
-3916 62870
41694 8032
-36000 13288
44034 13360
215 -16682
18608 19307
61475 53008
-69693 19773
-58428 48956
20691 226
158 -11733
-16714 72263
34773 9224
15869 52325
-71213 22274
43370 33461
38574 71408
59370 72842
-65602 32724
-69070 64920
22318 4644
1826 27505
24989 20186
7631 35736
49052 28526
-77920 358
-46831 75635
-45850 24022
28937 62347
71695 47074
823 66234
-11490 56352
-76618 26711
57387 1025
35292 28688
-63236 66024
68301 34817
39415 55848
12384 71444
21293 36389
-66073 41715
-10242 14653
-57489 56433
20801 119
-23144 34494
158 8296
40532 45324
52888 77753
-15053 37084
70201 1059
58569 33693
31514 1973
-67551 71037
20102 28789
1607 14067
17736 73219
-4057 52250
64066 27871
-36132 23001
-20155 12953
-28515 77978
59 18564
55033 62312
59159 42321
25283 23244
-28972 18255
226 -73793
29210 77007
61038 73919
77638 78133
-74646 29598
-53331 31987
75631 15661
7063 -60
-41290 47703
33175 57153
39759 47269
48843 782
76498 7491
77205 23563
37992 77254
31535 13638
75509 21025
75468 56183
42945 9378
56735 63617
29 -3663
-14221 79593
-63055 56888
-3399 67518
47507 21048
-62920 69660
12261 124
-53232 76894
-3897 45449
-70319 33022
50621 47314
11476 63
-45096 54804
22939 64736
4951 2056
-856 5858
-62311 13479
63373 42811
26522 26963
18866 14447
-6507 29200
54743 28889
62275 48447
-48548 36619
54056 303
-73601 7267
-26320 52580
-55689 3196
587 44352
114 5069
-10701 15576
-66269 12955
43280 24384
27594 1224
-42758 28055
19688 78667
-3819 38306
-53085 67100
-27224 54134
11665 56806
1025 57387
-18090 79505
-37067 55218
52516 4289
28181 25733
30519 56518
6241 41276
46859 53236
46948 69398
37491 20127
25908 79933
65712 22721
-19625 8569
-70074 33455
79195 1598
-71464 39991
-73662 5245
50948 16306
42492 17988
70710 455
79421 1538
17033 35270
11312 69394
15721 75813
-31771 40191
-27433 9051
3550 46295
26411 75579
17 -58839
50159 73854
400 14501
-7740 24419
1831 57449
