291 243
17484 -175
833 -76044
46365 34429
79852 -455
21254 58824
6029 36477
67525 58339
77781 -62
-37359 68285
3738 483
-17267 73140
55093 18137
-26250 57052
7706 73391
5139 54742
77128 12172
26083 76043
265 -25717
250 -28131
48297 50467
76044 -833
-2243 20371
-4972 9567
10985 -84
70115 26236
12884 46290
-40910 35480
23 19976
16348 27776
76112 32212
503 -77795
271 -43919
-53331 46630
10795 43577
-11867 40957
23556 57150
23043 3898
79479 -298
73782 -769
-63940 58155
23511 7427
31378 -151
59895 31240
12698 29403
-47227 48035
26390 56682
232 -79377
407 -51630
28886 67685
-65672 43583
-65629 60900
79500 65652
-60316 60244
-29820 53416
68343 57660
719 -68596
-13936 72598
45906 2229
133 65290
57 23836
65523 47296
78545 -429
408 -62531
22329 17814
29580 71342
-33011 64829
-56242 47813
53546 78484
50998 79587
19425 16494
4270 79757
61313 143
54058 55552
24949 -151
44544 53333
64547 50416
23948 22259
-33381 14372
68519 6936
40042 17993
27684 3223
5580 1698
-25614 21398
-38875 24910
-40890 71586
-79543 13412
65305 70286
-58780 12862
-16597 51479
38459 61248
51292 159
50919 54377
-36505 2691
-64428 48029
-55946 71928
27 12881
79650 49148
-16949 45667
-30370 14174
70521 -127
79852 455
11043 7396
54579 -340
-32706 4061
30043 102
44507 -272
-74029 3678
-76949 62318
-60416 44135
71185 41409
-51218 11426
7698 47477
-39083 16050
78659 17917
1644 25885
-16151 63232
44578 53127
44525 77861
63570 44897
-70245 47404
-30214 44742
13381 -96
55 53228
34934 73978
10084 -39
-70901 57717
33048 45011
13414 15631
22653 47536
215 65608
-78100 75652
49597 44001
49065 46510
65860 78419
9329 22676
25 -56454
154 -69551
26865 42249
363 67930
269 -61151
45862 18592
44081 43565
44507 272
5616 67598
70438 9656
-32798 21454
55687 -291
11885 40743
-57444 29955
8806 30567
-25723 35906
-27807 77299
56557 -182
36776 329
-62763 40647
17362 63382
57851 60995
47109 35783
28781 147
-31352 77363
65741 44514
52297 40182
-3232 9740
320 53393
34905 337
51155 37996
19859 68199
75650 41190
283 -67033
134 69829
-33966 55396
6790 18637
56849 475
216 44341
-59380 15317
29 -11037
34 4281
32199 20774
-15969 72313
67130 64261
269 61151
78808 12209
-19151 29894
69310 33606
24727 16495
-72308 14196
33 58831
599 77142
-34174 4493
29237 -82
14233 64158
24 3163
-74462 7580
39482 2818
50342 47079
11139 10184
73621 72047
71304 1063
54396 18523
-43968 9524
40847 28818
53396 36684
68712 10588
-37561 47616
45433 10755
79035 217
44507 272
240 47539
58657 71
-5573 15048
-8393 79013
217 79035
-17578 65993
74620 293
193 43293
-23207 71864
29277 52762
-18949 37028
74621 59729
77241 431
21993 32990
-37410 56675
27014 22206
-46531 46917
12323 64233
54381 46614
5258 74218
70621 69441
-39150 73307
18261 7548
31357 71483
-15948 11454
357 28183
-79905 22991
32 24087
44626 35072
132 30835
-57313 28703
41502 44202
65204 695
-41312 62916
-28747 8841
28183 357
