344 117
138 -65981
-74597 57095
-18225 53752
31069 -149
74795 -207
53367 54783
69181 -19
-77138 9171
12467 4460
-13963 68281
20141 66181
193 -79439
17439 -7
173 -63479
19469 79225
65917 -188
-24862 2220
17439 -7
-44669 50637
34425 8
-39245 46064
11475 -8
79486 -89
53645 -187
8 15147
47979 385
137 -47334
27536 7951
-76023 22540
-44240 56496
15854 10925
56 -39563
82 -68095
-79352 29357
62022 20253
79577 116
15994 14216
77427 -247
16575 57603
-61774 73906
94 60951
47292 59681
-6676 25887
-58488 14600
-27685 603
17439 7
-47724 56678
97 -51589
68095 82
65 48837
-78670 65874
8 6885
-65737 30072
68910 50346
-877 37952
10470 42078
29317 38852
-71741 54982
42052 67669
2 -2309
56 -39563
46776 38774
-25657 63597
49624 76673
54 26351
26903 38075
75626 139
50263 68636
8 11475
69181 -19
78891 35
79291 76694
131 78491
8 -15147
56034 25674
8 42075
173 79503
47334 1
69329 66495
78205 -38
-35239 21423
-65306 35505
65 37069
15341 35906
35927 66091
16631 13
36351 53975
-47365 32214
-66155 60022
-30702 78197
71608 177
75735 56
-48227 65096
12034 45
257 69513
-14632 50848
-22376 74284
5917 17931
-79992 25066
11410 12508
60259 36993
-16560 79572
8648 41932
-11005 17997
9828 30242
8 -42075
-78609 41850
-38876 46857
8666 68164
55 20499
-79893 45619
20938 20589
78491 131
51026 19498
8537 13077
-10767 38424
47334 137
