171 371
640 -47671
1009 -67423
2564 -68217
167 -43406
1375 -56003
1824 -38633
1301 -23159
30811 -973
32710 12157
53663 -390
1515 -75374
62913 -1103
13057 -334
33962 -671
1048 -30081
42178 9006
2939 -72866
386 -60195
63867 -923
1053 -63143
1513 -65752
1193 -78817
447 -14714
3604 -78627
42513 -1649
727 -37118
2051 -58013
56939 -1720
977 -36718
62610 91
56845 -3213
67433 -3509
33179 139
62830 -2707
79518 -2293
577 -39002
90 -22397
43479 -2420
62913 -1103
138 -14807
173 -61317
14807 -138
773 -37191
30081 -1048
429 -34129
2957 -57014
58213 -2398
841 -76244
75283 560
-48818 16936
49467 -2540
40639 -205
67801 -1386
139 -33179
544 -42131
22613 29
86 -37255
90 22397
63501 -1940
61690 -1071
61941 -2690
47446 -499
845 -30201
58013 -2051
242 22285
499 47446
1940 -63501
226 -14285
1111 -42858
16504 -295
976 -24511
466 46581
33962 -671
2177 -47854
53663 390
4754 -213
13 -13823
701 -31888
66002 -649
79490 -2483
37255 86
2761 -56027
734 -61755
71873 -2936
2645 -67004
16504 -295
827 -38215
74492 -3107
18 -16195
261 20485
5 6498
-5256 5126
61690 -1071
121 -61533
1848 -44675
75319 -1501
3396 -73537
594 -43145
143 -57675
425 41078
13823 -13
75041 -3117
2399 -64120
54282 -1975
61317 173
36718 -977
65273 173
1048 -77079
41 8413
1427 -61105
638 -56957
19 -2886
544 42131
586 -61743
35 58482
679 54763
425 41078
2051 -58013
834 -53881
5 -19494
613 53902
467 74822
22397 90
11796 -227
55687 -319
61690 -1071
67801 1386
30035 542
1921 -78791
11796 -227
711 -26050
127 -17896
1389 74158
78381 -2798
733 -24974
301 -8234
2455 -76087
109 -7820
48197 977
58482 25
109 7820
48817 -1023
91 62610
72770 -1849
-17143 4021
47446 -499
74427 1445
67801 1386
34129 429
139 -46451
390 53663
74158 1389
61743 586
74158 1389
173 -61317
70897 -491
55187 807
91 -62610
361 -40991
1775 -57138
1143 50045
216 68281
-16649 33916
1085 51356
68281 216
749 53084
65273 -173
56532 72868
130 -60821
29290 -679
1203 -35224
1426 -65377
67 -2486
53084 -749
2293 79518
2201 -76784
22068 61110
2201 -76784
78532 1229
24974 -733
719 -32454
8413 41
586 -61743
273 -9089
8624 -73
58482 25
63313 -1045
46451 139
27233 -333
24974 733
1123 -78637
60821 130
2293 -79518
742 -43165
1283 57030
57591 -1562
2021 -75468
-17922 5834
65752 -1513
227 -11796
205 -40639
173 61317
143 -57675
5 6498
-14697 67638
72921 2528
109 -7820
74533 -1664
167 -43406
410 -78613
1009 -67423
18380 33
36718 -977
70053 581
61305 61518
49724 1485
949 25839
19494 5
467 -74822
53084 -749
78817 1193
138 -14807
319 55687
652 35131
357 -21190
2655 79333
54282 1975
2483 79490
1048 77079
2370 69047
39549 646
66049 -288
2933 79487
24974 733
749 -53084
49015 1363
295 30532
1532 47991
59287 2320
1775 57138
48817 -1023
69583 470
6538 41906
115 34489
8624 73
8509 206
55304 1301
41866 863
34129 429
5 58482
25 -58482
1649 42513
72934 555
1389 74158
143 -57675
649 -66002
1103 62913
50303 13721
-57822 23625
2320 59287
2129 67785
75041 3117
295 -16504
138 -14807
57030 1283
-69028 58038
243 7151
1115 28369
299 -65984
28310 1137
13823 13
383 48166
733 24974
1847 64822
383 48166
97 -15979
41866 863
70053 581
781 23457
1775 57138
2051 58013
65984 -299
1518 70705
333 -27233
467 74822
41078 -425
56957 638
586 61743
37255 86
49056 1423
733 24974
13 13823
61690 1071
37255 -86
725 27784
109 7820
33179 139
58482 5
78381 2798
-25855 41565
72866 2939
19 -2886
139 -46451
1940 63501
288 66049
130 60821
667 74294
6190 117
24662 21398
3107 74492
581 -71528
65273 -173
46267 542
53881 834
544 42131
1203 35224
613 53902
62610 -91
33661 1485
2554 55099
1426 65377
15979 -97
2886 19
30811 973
1123 78637
3647 76409
671 33962
5865 73545
38633 1824
13600 607
67004 2645
63716 2789
1752 59003
216 -68281
30081 1048
46581 466
74492 3107
261 20485
390 53663
2933 79487
1561 28759
781 23457
75468 2021
652 35131
333 27233
127 17896
122 -75103
67483 2270
34489 115
41078 425
10365 509
1123 78637
2549 43631
78215 4124
2561 69084
1193 78817
143 -57675
30177 1664
66002 649
1485 33661
1137 28310
77079 1048
75283 560
3782 62517
-39644 45788
3957 78647
140 23731
1009 67423
53881 834
13823 13
22397 90
