88 166
297 -4468
-40581 75752
37303 50566
2958 60515
22027 15347
7728 28600
16953 32455
51243 65078
-21806 58875
72017 36416
918 -76843
-56430 72118
54434 47024
275 -56788
193 -8660
77629 -2886
65075 -5094
30246 19781
-23098 19830
128 -1341
12263 -968
50 -783
69165 -2168
-30584 1581
77218 23900
36954 536
-54913 70069
16267 -742
4739 -78213
79930 74231
16449 67566
45723 -3820
-59854 73304
52176 52294
13571 63114
8159 24983
-27364 57753
-14409 44571
-13420 30
77097 -1469
-70336 13299
719 -39060
3343 9216
-49314 19470
77629 -2886
45534 78941
62148 16101
-63973 61078
66966 -1969
63418 40875
-18890 13393
2621 11
34703 62733
-67677 3027
-69240 47415
-71195 3544
11929 34224
21895 46621
-69808 70984
2168 69165
29235 25578
-52519 29719
-67848 64589
3799 3661
1192 75335
61898 33970
-79317 45125
45813 47793
60067 -2311
77758 2387
78357 1949
-28897 13389
2886 77629
-61615 25782
26788 63262
-62846 45089
-15717 50926
-62657 23399
43584 11370
60708 52610
-20822 22282
-3611 19811
19160 78101
45929 20435
-2805 1866
-69021 18251
25534 27661
-33009 27889
65689 31527
33996 71349
17181 7982
60053 76460
65753 17139
43031 -1126
-68618 66918
-57689 24000
-19635 22589
60067 -2311
-62062 15772
-42728 67941
13908 73439
882 37405
2299 40102
-32571 25074
5532 12811
73627 3652
-58098 42678
-36332 59289
66553 32460
73337 26553
17975 54609
-51428 57949
9509 31541
9585 27877
16037 20243
18741 33175
-61308 28781
67517 4135
-52201 63866
63715 4277
-29323 21163
166 73457
67582 52928
4277 63715
55218 25656
41750 12084
2554 44299
6369 77455
57732 2370
43451 67821
67144 8426
-29958 13733
-34809 35641
79916 4217
-23797 35447
-55346 33896
62265 3083
19578 70333
42867 11725
7541 24031
9492 35248
57668 4249
-11609 34151
-79716 29151
-34663 15948
1514 44453
35109 16937
-69064 31252
-21162 34327
-23744 26446
39978 69610
-38006 58417
-35458 45482
-32827 4843
-2417 66277
-67402 62227
78139 7096
-58597 13930
64881 71553
41643 955
66413 40341
-30090 44918
-18314 53044
7129 17015
-9270 33501
42578 3417
