44 107
6241 -34677
-7203 19300
31420 15352
61123 46627
51417 34513
29965 27048
41075 29280
67027 55111
-75649 59708
64176 10349
74016 47181
74661 41308
53098 8629
2458 25652
-69985 22569
-37568 69466
19883 13090
-51823 6214
-61429 72743
52621 65805
-23490 71262
10265 30835
40794 21567
50711 62461
57875 9725
62187 18631
-64551 51090
2019 34082
-37646 8416
-59071 7787
20759 65526
65333 5642
-62189 10711
30380 77770
33506 11131
-7394 43660
56836 45524
-39628 78047
40861 71888
-56493 50477
-45625 50914
-18860 32899
-65407 67184
42583 31959
64479 41773
-79281 46578
-44570 7741
-66264 14191
43885 16876
12872 41307
60084 71796
74965 15927
76165 600
-20379 60546
-25686 75867
48337 53179
-73020 68203
-69479 61194
-44402 60232
3745 35706
17029 35783
24474 7919
76484 27874
-8808 33018
-9275 58205
-30058 42220
-7301 48275
4707 26573
29631 55036
-48797 74624
-65705 22719
62038 61375
78162 22423
8965 55452
57912 32384
-59235 43580
22161 4467
-60231 58327
-44035 59119
78198 34326
59562 57939
65804 16344
-41033 58997
43305 74860
68141 11102
-28841 22273
14267 52294
42387 58954
23060 35521
15795 39843
-35381 21433
38064 19904
66941 31515
-63119 67881
-31748 28393
56151 28944
53417 61570
61650 29594
49942 46243
49572 43077
12643 17265
29570 29865
-23450 69376
33635 28213
-65223 32892
24246 30726
48633 21083
